 Location:  0N  90E   1 Jan 2005 to  7 Jun 2020 ( 5637 times,  7 blocks) Gen. Date Feb 18 2025
 Units: Relative Humidity (%), -9.99 = missing
 Time: 1200  1 Jan 2005 to 1200 20 Mar 2005 (index     1 to    79,   79 times)
 Depth (M):        -3 QUALITY SOURCE
 YYYYMMDD HHMM     RH Q S
 20050101 1200  91.50 2 5
 20050102 1200  90.50 2 5
 20050103 1200  84.80 2 5
 20050104 1200  83.80 2 5
 20050105 1200  91.70 2 5
 20050106 1200  85.80 2 5
 20050107 1200  84.10 2 5
 20050108 1200  84.20 2 5
 20050109 1200  82.50 2 5
 20050110 1200  83.90 2 5
 20050111 1200  85.50 2 5
 20050112 1200  83.80 2 5
 20050113 1200  85.10 2 5
 20050114 1200  84.00 2 5
 20050115 1200  83.80 2 5
 20050116 1200  87.70 2 5
 20050117 1200  83.10 2 5
 20050118 1200  83.30 2 5
 20050119 1200  90.10 2 5
 20050120 1200  86.70 2 5
 20050121 1200  80.90 2 5
 20050122 1200  82.00 2 5
 20050123 1200  84.80 2 5
 20050124 1200  86.20 2 5
 20050125 1200  90.90 2 5
 20050126 1200  92.70 2 5
 20050127 1200  87.50 2 5
 20050128 1200  89.20 2 5
 20050129 1200  87.80 2 5
 20050130 1200  86.20 2 5
 20050131 1200  87.60 2 5
 20050201 1200  89.80 2 5
 20050202 1200  87.80 2 5
 20050203 1200  85.00 2 5
 20050204 1200  90.30 2 5
 20050205 1200  90.80 2 5
 20050206 1200  90.50 2 5
 20050207 1200  90.70 2 5
 20050208 1200  92.60 2 5
 20050209 1200  91.90 2 5
 20050210 1200  90.00 2 5
 20050211 1200  88.80 2 5
 20050212 1200  88.50 2 5
 20050213 1200  86.30 2 5
 20050214 1200  88.90 2 5
 20050215 1200  86.50 2 5
 20050216 1200  87.70 2 5
 20050217 1200  88.20 2 5
 20050218 1200  92.70 2 5
 20050219 1200  89.10 2 5
 20050220 1200  90.60 2 5
 20050221 1200  93.40 2 5
 20050222 1200  88.10 2 5
 20050223 1200  88.70 2 5
 20050224 1200  88.00 2 5
 20050225 1200  87.40 2 5
 20050226 1200  93.60 2 5
 20050227 1200  89.80 2 5
 20050228 1200  91.70 2 5
 20050301 1200  85.30 2 5
 20050302 1200  92.10 2 5
 20050303 1200  90.20 2 5
 20050304 1200  87.20 2 5
 20050305 1200  88.60 2 5
 20050306 1200  89.60 2 5
 20050307 1200  90.20 2 5
 20050308 1200  92.20 2 5
 20050309 1200  92.20 2 5
 20050310 1200  85.70 2 5
 20050311 1200  85.90 2 5
 20050312 1200  84.70 2 5
 20050313 1200  85.80 2 5
 20050314 1200  87.70 2 5
 20050315 1200  87.10 2 5
 20050316 1200  86.60 2 5
 20050317 1200  88.20 2 5
 20050318 1200  87.60 2 5
 20050319 1200  89.10 2 5
 20050320 1200  90.30 2 5
 Time: 1200 12 Sep 2006 to 1200 31 Oct 2006 (index   620 to   669,   50 times)
 Depth (M):        -3 QUALITY SOURCE
 YYYYMMDD HHMM     RH Q S
 20060912 1200  80.10 2 1
 20060913 1200  88.00 2 1
 20060914 1200  82.60 2 1
 20060915 1200  81.80 2 1
 20060916 1200  82.20 2 1
 20060917 1200  83.00 2 1
 20060918 1200  82.60 2 1
 20060919 1200  80.90 2 1
 20060920 1200  81.40 2 1
 20060921 1200  80.50 2 1
 20060922 1200  80.90 2 1
 20060923 1200  80.50 2 1
 20060924 1200  79.70 2 1
 20060925 1200  78.00 2 1
 20060926 1200  79.70 2 1
 20060927 1200  79.30 2 1
 20060928 1200  82.60 2 1
 20060929 1200  77.20 2 1
 20060930 1200  77.20 2 1
 20061001 1200  78.50 2 1
 20061002 1200  82.20 2 1
 20061003 1200  78.90 2 1
 20061004 1200  77.60 2 1
 20061005 1200  76.00 2 1
 20061006 1200  75.60 2 1
 20061007 1200  78.90 2 1
 20061008 1200  81.40 2 1
 20061009 1200  83.00 2 1
 20061010 1200  81.40 2 1
 20061011 1200  82.60 2 1
 20061012 1200  80.10 2 1
 20061013 1200  80.90 2 1
 20061014 1200  81.80 2 1
 20061015 1200  90.00 2 1
 20061016 1200  88.00 2 1
 20061017 1200  84.20 2 1
 20061018 1200  83.00 2 1
 20061019 1200  88.80 2 1
 20061020 1200  87.50 2 1
 20061021 1200  84.70 2 1
 20061022 1200  89.60 2 1
 20061023 1200  87.50 2 1
 20061024 1200  93.70 2 1
 20061025 1200  87.10 2 1
 20061026 1200  84.70 2 1
 20061027 1200  84.20 2 1
 20061028 1200  87.50 2 1
 20061029 1200  81.80 2 1
 20061030 1200  83.80 2 1
 20061031 1200  82.60 2 1
 Time: 1200 29 Sep 2007 to 1200 18 Feb 2009 (index  1002 to  1510,  509 times)
 Depth (M):        -3 QUALITY SOURCE
 YYYYMMDD HHMM     RH Q S
 20070929 1200  82.00 2 1
 20070930 1200  80.80 2 1
 20071001 1200  77.00 2 1
 20071002 1200  79.30 2 1
 20071003 1200  79.70 2 1
 20071004 1200  80.10 2 1
 20071005 1200  80.80 2 1
 20071006 1200  82.00 2 1
 20071007 1200  80.80 2 1
 20071008 1200  80.50 2 1
 20071009 1200  83.90 2 1
 20071010 1200  81.20 2 1
 20071011 1200  80.80 2 1
 20071012 1200  83.50 2 1
 20071013 1200  85.40 2 1
 20071014 1200  79.30 2 1
 20071015 1200  82.00 2 1
 20071016 1200  86.50 2 1
 20071017 1200  84.30 2 1
 20071018 1200  80.10 2 1
 20071019 1200  84.30 2 1
 20071020 1200  83.90 2 1
 20071021 1200  81.60 2 1
 20071022 1200  81.60 2 1
 20071023 1200  83.50 2 1
 20071024 1200  76.30 2 1
 20071025 1200  78.60 2 1
 20071026 1200  77.80 2 1
 20071027 1200  81.20 2 1
 20071028 1200  80.10 2 1
 20071029 1200  83.50 2 1
 20071030 1200  81.60 2 1
 20071031 1200  78.20 2 1
 20071101 1200  82.40 2 1
 20071102 1200  80.50 2 1
 20071103 1200  80.80 2 1
 20071104 1200  80.50 2 1
 20071105 1200  86.50 2 1
 20071106 1200  82.00 2 1
 20071107 1200  84.30 2 1
 20071108 1200  83.50 2 1
 20071109 1200  82.00 2 1
 20071110 1200  84.30 2 1
 20071111 1200  83.50 2 1
 20071112 1200  83.90 2 1
 20071113 1200  80.80 2 1
 20071114 1200  86.50 2 1
 20071115 1200  82.40 2 1
 20071116 1200  81.60 2 1
 20071117 1200  82.00 2 1
 20071118 1200  77.80 2 1
 20071119 1200  80.80 2 1
 20071120 1200  78.60 2 1
 20071121 1200  79.70 2 1
 20071122 1200  76.70 2 1
 20071123 1200  78.20 2 1
 20071124 1200  79.30 2 1
 20071125 1200  80.10 2 1
 20071126 1200  81.20 2 1
 20071127 1200  83.10 2 1
 20071128 1200  84.30 2 1
 20071129 1200  86.90 2 1
 20071130 1200  85.80 2 1
 20071201 1200  82.40 2 1
 20071202 1200  84.60 2 1
 20071203 1200  86.50 2 1
 20071204 1200  89.20 2 1
 20071205 1200  85.00 2 1
 20071206 1200  80.50 2 1
 20071207 1200  80.80 2 1
 20071208 1200  88.10 2 1
 20071209 1200  91.10 2 1
 20071210 1200  81.60 2 1
 20071211 1200  88.10 2 1
 20071212 1200  83.90 2 1
 20071213 1200  85.00 2 1
 20071214 1200  86.50 2 1
 20071215 1200  82.00 2 1
 20071216 1200  80.80 2 1
 20071217 1200  79.70 2 1
 20071218 1200  79.70 2 1
 20071219 1200  79.30 2 1
 20071220 1200  78.90 2 1
 20071221 1200  83.50 2 1
 20071222 1200  88.40 2 1
 20071223 1200  88.80 2 1
 20071224 1200  82.40 2 1
 20071225 1200  83.10 2 1
 20071226 1200  84.30 2 1
 20071227 1200  83.90 2 1
 20071228 1200  82.00 2 1
 20071229 1200  78.60 2 1
 20071230 1200  82.40 2 1
 20071231 1200  79.70 2 1
 20080101 1200  74.40 2 1
 20080102 1200  73.60 2 1
 20080103 1200  74.40 2 1
 20080104 1200  77.40 2 1
 20080105 1200  78.90 2 1
 20080106 1200  76.70 2 1
 20080107 1200  75.10 2 1
 20080108 1200  74.40 2 1
 20080109 1200  77.80 2 1
 20080110 1200  75.90 2 1
 20080111 1200  75.10 2 1
 20080112 1200  68.30 2 1
 20080113 1200  69.10 2 1
 20080114 1200  74.40 2 1
 20080115 1200  80.10 2 1
 20080116 1200  74.00 2 1
 20080117 1200  73.20 2 1
 20080118 1200  74.80 2 1
 20080119 1200  78.20 2 1
 20080120 1200  78.60 2 1
 20080121 1200  82.40 2 1
 20080122 1200  83.10 2 1
 20080123 1200  81.20 2 1
 20080124 1200  82.00 2 1
 20080125 1200  85.80 2 1
 20080126 1200  85.80 2 1
 20080127 1200  90.70 2 1
 20080128 1200  78.60 2 1
 20080129 1200  83.50 2 1
 20080130 1200  82.00 2 1
 20080131 1200  78.20 2 1
 20080201 1200  80.80 2 1
 20080202 1200  80.10 2 1
 20080203 1200  77.40 2 1
 20080204 1200  74.00 2 1
 20080205 1200  75.50 2 1
 20080206 1200  75.10 2 1
 20080207 1200  82.40 2 1
 20080208 1200  78.60 2 1
 20080209 1200  79.70 2 1
 20080210 1200  75.50 2 1
 20080211 1200  79.30 2 1
 20080212 1200  78.20 2 1
 20080213 1200  75.10 2 1
 20080214 1200  78.20 2 1
 20080215 1200  77.80 2 1
 20080216 1200  72.50 2 1
 20080217 1200  73.20 2 1
 20080218 1200  74.80 2 1
 20080219 1200  79.30 2 1
 20080220 1200  80.50 2 1
 20080221 1200  83.90 2 1
 20080222 1200  85.00 2 1
 20080223 1200  78.60 2 1
 20080224 1200  79.70 2 1
 20080225 1200  81.20 2 1
 20080226 1200  73.20 2 1
 20080227 1200  72.10 2 1
 20080228 1200  70.60 2 1
 20080229 1200  75.90 2 1
 20080301 1200  80.80 2 1
 20080302 1200  78.90 2 1
 20080303 1200  80.50 2 1
 20080304 1200  81.60 2 1
 20080305 1200  79.30 2 1
 20080306 1200  83.90 2 1
 20080307 1200  81.60 2 1
 20080308 1200  83.50 2 1
 20080309 1200  89.60 2 1
 20080310 1200  83.10 2 1
 20080311 1200  81.60 2 1
 20080312 1200  86.50 2 1
 20080313 1200  81.60 2 1
 20080314 1200  83.90 2 1
 20080315 1200  83.10 2 1
 20080316 1200  87.30 2 1
 20080317 1200  85.80 2 1
 20080318 1200  74.80 2 1
 20080319 1200  78.90 2 1
 20080320 1200  77.00 2 1
 20080321 1200  75.50 2 1
 20080322 1200  75.10 2 1
 20080323 1200  75.10 2 1
 20080324 1200  75.10 2 1
 20080325 1200  79.70 2 1
 20080326 1200  82.70 2 1
 20080327 1200  82.40 2 1
 20080328 1200  78.60 2 1
 20080329 1200  77.00 2 1
 20080330 1200  77.40 2 1
 20080331 1200  75.90 2 1
 20080401 1200  73.60 2 1
 20080402 1200  76.30 2 1
 20080403 1200  75.10 2 1
 20080404 1200  71.70 2 1
 20080405 1200  71.30 2 1
 20080406 1200  72.50 2 1
 20080407 1200  74.40 2 1
 20080408 1200  74.40 2 1
 20080409 1200  73.60 2 1
 20080410 1200  74.80 2 1
 20080411 1200  80.80 2 1
 20080412 1200  82.40 2 1
 20080413 1200  83.10 2 1
 20080414 1200  86.50 2 1
 20080415 1200  88.10 2 1
 20080416 1200  87.30 2 1
 20080417 1200  83.10 2 1
 20080418 1200  88.10 2 1
 20080419 1200  88.10 2 1
 20080420 1200  84.60 2 1
 20080421 1200  87.30 2 1
 20080422 1200  83.90 2 1
 20080423 1200  85.80 2 1
 20080424 1200  88.10 2 1
 20080425 1200  83.10 2 1
 20080426 1200  78.20 2 1
 20080427 1200  75.90 2 1
 20080428 1200  73.60 2 1
 20080429 1200  75.10 2 1
 20080430 1200  79.30 2 1
 20080501 1200  80.80 2 1
 20080502 1200  81.20 2 1
 20080503 1200  81.60 2 1
 20080504 1200  83.10 2 1
 20080505 1200  80.80 2 1
 20080506 1200  79.30 2 1
 20080507 1200  80.50 2 1
 20080508 1200  79.30 2 1
 20080509 1200  86.20 2 1
 20080510 1200  80.50 2 1
 20080511 1200  80.80 2 1
 20080512 1200  80.10 2 1
 20080513 1200  78.60 2 1
 20080514 1200  79.30 2 1
 20080515 1200  77.80 2 1
 20080516 1200  77.80 2 1
 20080517 1200  75.10 2 1
 20080518 1200  77.80 2 1
 20080519 1200  80.50 2 1
 20080520 1200  79.30 2 1
 20080521 1200  77.40 2 1
 20080522 1200  80.50 2 1
 20080523 1200  83.50 2 1
 20080524 1200  81.60 2 1
 20080525 1200  83.10 2 1
 20080526 1200  82.00 2 1
 20080527 1200  83.50 2 1
 20080528 1200  81.60 2 1
 20080529 1200  82.40 2 1
 20080530 1200  77.80 2 1
 20080531 1200  81.60 2 1
 20080601 1200  81.60 2 1
 20080602 1200  83.90 2 1
 20080603 1200  83.90 2 1
 20080604 1200  80.10 2 1
 20080605 1200  85.80 2 1
 20080606 1200  82.70 2 1
 20080607 1200  80.50 2 1
 20080608 1200  82.00 2 1
 20080609 1200  78.60 2 1
 20080610 1200  79.30 2 1
 20080611 1200  79.70 2 1
 20080612 1200  78.60 2 1
 20080613 1200  78.60 2 1
 20080614 1200  77.40 2 1
 20080615 1200  78.90 2 1
 20080616 1200  78.20 2 1
 20080617 1200  90.00 2 1
 20080618 1200  80.50 2 1
 20080619 1200  81.20 2 1
 20080620 1200  83.10 2 1
 20080621 1200  82.00 2 1
 20080622 1200  80.10 2 1
 20080623 1200  76.70 2 1
 20080624 1200  81.20 2 1
 20080625 1200  75.90 2 1
 20080626 1200  78.60 2 1
 20080627 1200  82.00 2 1
 20080628 1200  83.50 2 1
 20080629 1200  83.10 2 1
 20080630 1200  74.40 2 1
 20080701 1200  76.70 2 1
 20080702 1200  75.50 2 1
 20080703 1200  80.50 2 1
 20080704 1200  82.40 2 1
 20080705 1200  79.70 2 1
 20080706 1200  77.80 2 1
 20080707 1200  78.60 2 1
 20080708 1200  79.70 2 1
 20080709 1200  82.70 2 1
 20080710 1200  83.50 2 1
 20080711 1200  83.90 2 1
 20080712 1200  82.40 2 1
 20080713 1200  80.50 2 1
 20080714 1200  79.70 2 1
 20080715 1200  79.30 2 1
 20080716 1200  84.30 2 1
 20080717 1200  86.50 2 1
 20080718 1200  80.50 2 1
 20080719 1200  82.70 2 1
 20080720 1200  81.20 2 1
 20080721 1200  78.60 2 1
 20080722 1200  80.50 2 1
 20080723 1200  83.50 2 1
 20080724 1200  83.90 2 1
 20080725 1200  74.00 2 1
 20080726 1200  75.10 2 1
 20080727 1200  75.90 2 1
 20080728 1200  80.10 2 1
 20080729 1200  80.80 2 1
 20080730 1200  78.60 2 1
 20080731 1200  82.00 2 1
 20080801 1200  82.70 2 1
 20080802 1200  80.80 2 1
 20080803 1200  80.10 2 1
 20080804 1200  82.70 2 1
 20080805 1200  84.60 2 1
 20080806 1200  86.50 2 1
 20080807 1200  84.30 2 1
 20080808 1200  80.10 2 1
 20080809 1200  83.50 2 1
 20080810 1200  83.90 2 1
 20080811 1200  83.50 2 1
 20080812 1200  81.20 2 1
 20080813 1200  79.70 2 1
 20080814 1200  77.00 2 1
 20080815 1200  80.50 2 1
 20080816 1200  82.00 2 1
 20080817 1200  81.60 2 1
 20080818 1200  82.00 2 1
 20080819 1200  80.50 2 1
 20080820 1200  83.90 2 1
 20080821 1200  84.60 2 1
 20080822 1200  82.70 2 1
 20080823 1200  78.60 2 1
 20080824 1200  82.40 2 1
 20080825 1200  85.80 2 1
 20080826 1200  84.30 2 1
 20080827 1200  83.10 2 1
 20080828 1200  85.40 2 1
 20080829 1200  88.80 2 1
 20080830 1200  83.50 2 1
 20080831 1200  86.20 2 1
 20080901 1200  82.70 2 1
 20080902 1200  85.00 2 1
 20080903 1200  82.00 2 1
 20080904 1200  75.90 2 1
 20080905 1200  72.10 2 1
 20080906 1200  77.80 2 1
 20080907 1200  79.30 2 1
 20080908 1200  80.80 2 1
 20080909 1200  78.60 2 1
 20080910 1200  83.90 2 1
 20080911 1200  81.60 2 1
 20080912 1200  83.50 2 1
 20080913 1200  86.20 2 1
 20080914 1200  85.80 2 1
 20080915 1200  82.70 2 1
 20080916 1200  80.10 2 1
 20080917 1200  77.40 2 1
 20080918 1200  75.90 2 1
 20080919 1200  80.50 2 1
 20080920 1200  81.20 2 1
 20080921 1200  82.00 2 1
 20080922 1200  80.80 2 1
 20080923 1200  78.60 2 1
 20080924 1200  79.70 2 1
 20080925 1200  85.00 2 1
 20080926 1200  81.60 2 1
 20080927 1200  86.20 2 1
 20080928 1200  80.80 2 1
 20080929 1200  77.80 2 1
 20080930 1200  79.70 2 1
 20081001 1200  74.40 2 1
 20081002 1200  75.50 2 1
 20081003 1200  74.40 2 1
 20081004 1200  84.30 2 1
 20081005 1200  81.60 2 1
 20081006 1200  79.30 2 1
 20081007 1200  85.00 2 1
 20081008 1200  84.30 2 1
 20081009 1200  91.50 2 1
 20081010 1200  90.30 2 1
 20081011 1200  86.90 2 1
 20081012 1200  82.40 2 1
 20081013 1200  85.40 2 1
 20081014 1200  84.30 2 1
 20081015 1200  84.60 2 1
 20081016 1200  84.30 2 1
 20081017 1200  82.70 2 1
 20081018 1200  87.70 2 1
 20081019 1200  80.80 2 1
 20081020 1200  84.30 2 1
 20081021 1200  83.90 2 1
 20081022 1200  81.60 2 1
 20081023 1200  77.40 2 1
 20081024 1200  77.80 2 1
 20081025 1200  80.50 2 1
 20081026 1200  79.70 2 1
 20081027 1200  82.70 2 1
 20081028 1200  78.20 2 1
 20081029 1200  79.70 2 1
 20081030 1200  82.70 2 1
 20081031 1200  87.70 2 1
 20081101 1200  88.80 2 1
 20081102 1200  84.30 2 1
 20081103 1200  81.60 2 1
 20081104 1200  79.30 2 1
 20081105 1200  83.50 2 1
 20081106 1200  86.20 2 1
 20081107 1200  90.70 2 1
 20081108 1200  82.70 2 1
 20081109 1200  85.00 2 1
 20081110 1200  84.60 2 1
 20081111 1200  85.00 2 1
 20081112 1200  87.30 2 1
 20081113 1200  87.70 2 1
 20081114 1200  87.70 2 1
 20081115 1200  85.40 2 1
 20081116 1200  85.40 2 1
 20081117 1200  86.20 2 1
 20081118 1200  85.00 2 1
 20081119 1200  80.80 2 1
 20081120 1200  90.00 2 1
 20081121 1200  86.50 2 1
 20081122 1200  83.90 2 1
 20081123 1200  86.20 2 1
 20081124 1200  85.40 2 1
 20081125 1200  86.20 2 1
 20081126 1200  83.50 2 1
 20081127 1200  82.70 2 1
 20081128 1200  78.60 2 1
 20081129 1200  80.50 2 1
 20081130 1200  86.20 2 1
 20081201 1200  91.50 2 1
 20081202 1200  92.20 2 1
 20081203 1200  90.00 2 1
 20081204 1200  88.10 2 1
 20081205 1200  90.70 2 1
 20081206 1200  87.30 2 1
 20081207 1200  82.40 2 1
 20081208 1200  85.40 2 1
 20081209 1200  84.30 2 1
 20081210 1200  85.80 2 1
 20081211 1200  85.80 2 1
 20081212 1200  86.90 2 1
 20081213 1200  86.90 2 1
 20081214 1200  88.80 2 1
 20081215 1200  85.00 2 1
 20081216 1200  86.90 2 1
 20081217 1200  80.50 2 1
 20081218 1200  78.90 2 1
 20081219 1200  81.20 2 1
 20081220 1200  86.50 2 1
 20081221 1200  86.50 2 1
 20081222 1200  87.70 2 1
 20081223 1200  92.20 2 1
 20081224 1200  82.70 2 1
 20081225 1200  78.20 2 1
 20081226 1200  76.70 2 1
 20081227 1200  87.30 2 1
 20081228 1200  82.70 2 1
 20081229 1200  81.20 2 1
 20081230 1200  83.50 2 1
 20081231 1200  85.00 2 1
 20090101 1200  83.90 2 1
 20090102 1200  81.60 2 1
 20090103 1200  79.30 2 1
 20090104 1200  77.80 2 1
 20090105 1200  73.20 2 1
 20090106 1200  78.20 2 1
 20090107 1200  77.40 2 1
 20090108 1200  75.90 2 1
 20090109 1200  80.10 2 1
 20090110 1200  81.60 2 1
 20090111 1200  82.00 2 1
 20090112 1200  78.20 2 1
 20090113 1200  83.50 2 1
 20090114 1200  79.70 2 1
 20090115 1200  80.80 2 1
 20090116 1200  85.00 2 1
 20090117 1200  82.40 2 1
 20090118 1200  82.40 2 1
 20090119 1200  82.70 2 1
 20090120 1200  85.40 2 1
 20090121 1200  88.10 2 1
 20090122 1200  87.30 2 1
 20090123 1200  79.30 2 1
 20090124 1200  76.70 2 1
 20090125 1200  78.60 2 1
 20090126 1200  80.80 2 1
 20090127 1200  85.80 2 1
 20090128 1200  86.50 2 1
 20090129 1200  82.70 2 1
 20090130 1200  83.90 2 1
 20090131 1200  88.40 2 1
 20090201 1200  83.10 2 1
 20090202 1200  85.00 2 1
 20090203 1200  90.70 2 1
 20090204 1200  81.20 2 1
 20090205 1200  77.40 2 1
 20090206 1200  78.20 2 1
 20090207 1200  75.50 2 1
 20090208 1200  73.60 2 1
 20090209 1200  73.60 2 1
 20090210 1200  75.50 2 1
 20090211 1200  79.70 2 1
 20090212 1200  77.40 2 1
 20090213 1200  75.10 2 1
 20090214 1200  76.30 2 1
 20090215 1200  75.50 2 1
 20090216 1200  74.00 2 1
 20090217 1200  74.80 2 1
 20090218 1200  74.00 2 1
 Time: 1200 31 Jul 2009 to 1200 30 Jan 2014 (index  1673 to  3317, 1645 times)
 Depth (M):        -3 QUALITY SOURCE
 YYYYMMDD HHMM     RH Q S
 20090731 1200  79.00 1 5
 20090801 1200  77.80 1 5
 20090802 1200  76.10 1 5
 20090803 1200  77.70 1 5
 20090804 1200  87.40 1 5
 20090805 1200  90.50 1 5
 20090806 1200  81.00 1 5
 20090807 1200  81.70 1 5
 20090808 1200  80.80 1 5
 20090809 1200  83.90 1 5
 20090810 1200  84.80 1 5
 20090811 1200  89.20 1 5
 20090812 1200  96.60 1 5
 20090813 1200  85.70 1 5
 20090814 1200  88.40 1 5
 20090815 1200  82.60 1 5
 20090816 1200  85.40 1 5
 20090817 1200  83.00 1 5
 20090818 1200  80.90 1 5
 20090819 1200  79.80 1 5
 20090820 1200  76.80 1 5
 20090821 1200  84.80 1 5
 20090822 1200  85.50 1 5
 20090823 1200  85.80 1 5
 20090824 1200  86.70 1 5
 20090825 1200  88.30 1 5
 20090826 1200  84.20 1 5
 20090827 1200  82.40 1 5
 20090828 1200  81.00 1 5
 20090829 1200  82.20 1 5
 20090830 1200  86.00 1 5
 20090831 1200  85.00 1 5
 20090901 1200  79.00 1 5
 20090902 1200  80.00 1 5
 20090903 1200  82.60 1 5
 20090904 1200  79.60 1 5
 20090905 1200  81.20 1 5
 20090906 1200  83.20 1 5
 20090907 1200  83.60 1 5
 20090908 1200  85.90 1 5
 20090909 1200  83.00 1 5
 20090910 1200  79.50 1 5
 20090911 1200  80.60 1 5
 20090912 1200  90.40 1 5
 20090913 1200  90.20 1 5
 20090914 1200  89.00 1 5
 20090915 1200  83.20 1 5
 20090916 1200  85.90 1 5
 20090917 1200  84.70 1 5
 20090918 1200  86.10 1 5
 20090919 1200  83.20 1 5
 20090920 1200  80.50 1 5
 20090921 1200  75.50 1 5
 20090922 1200  72.80 1 5
 20090923 1200  74.40 1 5
 20090924 1200  80.50 1 5
 20090925 1200  83.70 1 5
 20090926 1200  86.10 1 5
 20090927 1200  86.90 1 5
 20090928 1200  81.20 1 5
 20090929 1200  85.70 1 5
 20090930 1200  77.80 1 5
 20091001 1200  85.10 1 5
 20091002 1200  81.60 1 5
 20091003 1200  82.90 1 5
 20091004 1200  86.30 1 5
 20091005 1200  81.00 1 5
 20091006 1200  75.30 1 5
 20091007 1200  78.00 1 5
 20091008 1200  76.80 1 5
 20091009 1200  79.20 1 5
 20091010 1200  78.80 1 5
 20091011 1200  79.80 1 5
 20091012 1200  79.20 1 5
 20091013 1200  81.40 1 5
 20091014 1200  82.50 1 5
 20091015 1200  81.90 1 5
 20091016 1200  78.90 1 5
 20091017 1200  84.10 1 5
 20091018 1200  82.60 1 5
 20091019 1200  85.50 1 5
 20091020 1200  88.10 1 5
 20091021 1200  74.80 1 5
 20091022 1200  78.10 1 5
 20091023 1200  86.70 1 5
 20091024 1200  76.00 1 5
 20091025 1200  80.30 1 5
 20091026 1200  81.30 1 5
 20091027 1200  84.60 1 5
 20091028 1200  78.40 1 5
 20091029 1200  75.50 1 5
 20091030 1200  74.50 1 5
 20091031 1200  77.80 1 5
 20091101 1200  86.70 1 5
 20091102 1200  77.60 1 5
 20091103 1200  77.40 1 5
 20091104 1200  87.10 1 5
 20091105 1200  84.10 1 5
 20091106 1200  81.50 1 5
 20091107 1200  86.60 1 5
 20091108 1200  85.50 1 5
 20091109 1200  89.30 1 5
 20091110 1200  94.70 1 5
 20091111 1200  82.20 1 5
 20091112 1200  82.00 1 5
 20091113 1200  83.10 1 5
 20091114 1200  78.30 1 5
 20091115 1200  79.40 1 5
 20091116 1200  75.00 1 5
 20091117 1200  73.10 1 5
 20091118 1200  77.30 1 5
 20091119 1200  74.50 1 5
 20091120 1200  81.10 1 5
 20091121 1200  79.10 1 5
 20091122 1200  76.70 1 5
 20091123 1200  74.80 1 5
 20091124 1200  75.50 1 5
 20091125 1200  90.10 1 5
 20091126 1200  86.40 1 5
 20091127 1200  87.00 1 5
 20091128 1200  89.30 1 5
 20091129 1200  82.60 1 5
 20091130 1200  83.00 1 5
 20091201 1200  83.10 1 5
 20091202 1200  90.00 1 5
 20091203 1200  81.50 1 5
 20091204 1200  81.10 1 5
 20091205 1200  83.20 1 5
 20091206 1200  84.90 1 5
 20091207 1200  86.60 1 5
 20091208 1200  85.00 1 5
 20091209 1200  82.50 1 5
 20091210 1200  83.70 1 5
 20091211 1200  79.90 1 5
 20091212 1200  78.10 1 5
 20091213 1200  75.70 1 5
 20091214 1200  76.60 1 5
 20091215 1200  81.00 1 5
 20091216 1200  77.70 1 5
 20091217 1200  87.30 1 5
 20091218 1200  78.10 1 5
 20091219 1200  79.40 1 5
 20091220 1200  80.80 1 5
 20091221 1200  81.10 1 5
 20091222 1200  78.20 1 5
 20091223 1200  80.50 1 5
 20091224 1200  82.20 1 5
 20091225 1200  80.50 1 5
 20091226 1200  88.00 1 5
 20091227 1200  86.30 1 5
 20091228 1200  85.40 1 5
 20091229 1200  84.20 1 5
 20091230 1200  84.80 1 5
 20091231 1200  90.30 1 5
 20100101 1200  82.10 1 5
 20100102 1200  87.20 1 5
 20100103 1200  80.80 1 5
 20100104 1200  78.50 1 5
 20100105 1200  80.50 1 5
 20100106 1200  81.00 1 5
 20100107 1200  80.70 1 5
 20100108 1200  81.30 1 5
 20100109 1200  80.50 1 5
 20100110 1200  77.20 1 5
 20100111 1200  80.60 1 5
 20100112 1200  79.20 1 5
 20100113 1200  82.40 1 5
 20100114 1200  77.60 1 5
 20100115 1200  78.70 1 5
 20100116 1200  82.70 1 5
 20100117 1200  84.40 1 5
 20100118 1200  82.40 1 5
 20100119 1200  85.80 1 5
 20100120 1200  83.00 1 5
 20100121 1200  81.40 1 5
 20100122 1200  77.00 1 5
 20100123 1200  77.70 1 5
 20100124 1200  74.00 1 5
 20100125 1200  70.60 1 5
 20100126 1200  72.20 1 5
 20100127 1200  72.40 1 5
 20100128 1200  79.50 1 5
 20100129 1200  83.40 1 5
 20100130 1200  74.60 1 5
 20100131 1200  80.50 1 5
 20100201 1200  79.90 1 5
 20100202 1200  78.80 1 5
 20100203 1200  73.60 1 5
 20100204 1200  77.00 1 5
 20100205 1200  75.50 1 5
 20100206 1200  78.30 1 5
 20100207 1200  77.80 1 5
 20100208 1200  82.40 1 5
 20100209 1200  84.30 1 5
 20100210 1200  83.50 1 5
 20100211 1200  84.50 1 5
 20100212 1200  79.60 1 5
 20100213 1200  78.40 1 5
 20100214 1200  90.80 1 5
 20100215 1200  81.80 1 5
 20100216 1200  76.70 1 5
 20100217 1200  75.90 1 5
 20100218 1200  81.80 1 5
 20100219 1200  92.20 1 5
 20100220 1200  84.90 1 5
 20100221 1200  82.70 1 5
 20100222 1200  80.80 1 5
 20100223 1200  80.00 1 5
 20100224 1200  81.50 1 5
 20100225 1200  80.80 1 5
 20100226 1200  82.40 1 5
 20100227 1200  85.80 1 5
 20100228 1200  89.50 1 5
 20100301 1200  85.80 1 5
 20100302 1200  86.30 1 5
 20100303 1200  83.50 1 5
 20100304 1200  85.50 1 5
 20100305 1200  88.30 1 5
 20100306 1200  91.20 1 5
 20100307 1200  79.20 1 5
 20100308 1200  77.50 1 5
 20100309 1200  82.00 1 5
 20100310 1200  78.30 1 5
 20100311 1200  77.20 1 5
 20100312 1200  74.50 1 5
 20100313 1200  79.30 1 5
 20100314 1200  82.20 1 5
 20100315 1200  82.10 1 5
 20100316 1200  87.70 1 5
 20100317 1200  82.50 1 5
 20100318 1200  85.90 1 5
 20100319 1200  80.20 1 5
 20100320 1200  76.80 1 5
 20100321 1200  79.20 1 5
 20100322 1200  79.10 1 5
 20100323 1200  82.20 1 5
 20100324 1200  85.10 1 5
 20100325 1200  79.10 1 5
 20100326 1200  81.70 1 5
 20100327 1200  85.10 1 5
 20100328 1200  85.70 1 5
 20100329 1200  77.40 1 5
 20100330 1200  77.00 1 5
 20100331 1200  81.10 1 5
 20100401 1200  89.00 1 5
 20100402 1200  83.10 1 5
 20100403 1200  89.90 1 5
 20100404 1200  84.10 1 5
 20100405 1200  82.90 1 5
 20100406 1200  84.70 1 5
 20100407 1200  81.00 1 5
 20100408 1200  83.90 1 5
 20100409 1200  88.90 1 5
 20100410 1200  88.60 1 5
 20100411 1200  81.50 1 5
 20100412 1200  76.50 1 5
 20100413 1200  73.80 1 5
 20100414 1200  75.30 1 5
 20100415 1200  88.40 1 5
 20100416 1200  86.30 1 5
 20100417 1200  85.00 1 5
 20100418 1200  82.80 1 5
 20100419 1200  85.70 1 5
 20100420 1200  83.20 1 5
 20100421 1200  83.80 1 5
 20100422 1200  87.50 1 5
 20100423 1200  80.80 1 5
 20100424 1200  81.80 1 5
 20100425 1200  86.80 1 5
 20100426 1200  86.40 1 5
 20100427 1200  80.90 1 5
 20100428 1200  75.50 1 5
 20100429 1200  80.30 1 5
 20100430 1200  82.40 1 5
 20100501 1200  83.90 1 5
 20100502 1200  81.40 1 5
 20100503 1200  85.20 1 5
 20100504 1200  79.00 1 5
 20100505 1200  74.70 1 5
 20100506 1200  73.70 1 5
 20100507 1200  74.40 1 5
 20100508 1200  76.90 1 5
 20100509 1200  83.50 1 5
 20100510 1200  81.90 1 5
 20100511 1200  91.70 1 5
 20100512 1200  88.00 1 5
 20100513 1200  91.80 1 5
 20100514 1200  87.50 1 5
 20100515 1200  82.70 1 5
 20100516 1200  82.70 1 5
 20100517 1200  78.90 1 5
 20100518 1200  86.10 1 5
 20100519 1200  83.00 1 5
 20100520 1200  82.70 1 5
 20100521 1200  81.80 1 5
 20100522 1200  75.50 1 5
 20100523 1200  70.60 1 5
 20100524 1200  69.70 1 5
 20100525 1200  71.40 1 5
 20100526 1200  74.20 1 5
 20100527 1200  80.90 1 5
 20100528 1200  82.50 1 5
 20100529 1200  76.90 1 5
 20100530 1200  76.00 1 5
 20100531 1200  71.50 1 5
 20100601 1200  78.60 1 5
 20100602 1200  79.50 1 5
 20100603 1200  87.40 1 5
 20100604 1200  87.00 1 5
 20100605 1200  87.00 1 5
 20100606 1200  84.50 1 5
 20100607 1200  81.50 1 5
 20100608 1200  76.70 1 5
 20100609 1200  76.00 1 5
 20100610 1200  74.30 1 5
 20100611 1200  74.10 1 5
 20100612 1200  75.00 1 5
 20100613 1200  76.50 1 5
 20100614 1200  75.20 1 5
 20100615 1200  74.40 1 5
 20100616 1200  73.70 1 5
 20100617 1200  75.80 1 5
 20100618 1200  77.80 1 5
 20100619 1200  75.80 1 5
 20100620 1200  78.70 1 5
 20100621 1200  90.90 1 5
 20100622 1200  75.40 1 5
 20100623 1200  78.00 1 5
 20100624 1200  79.20 1 5
 20100625 1200  79.90 1 5
 20100626 1200  79.30 1 5
 20100627 1200  85.50 1 5
 20100628 1200  80.00 1 5
 20100629 1200  83.60 1 5
 20100630 1200  86.70 1 5
 20100701 1200  83.10 1 5
 20100702 1200  81.20 1 5
 20100703 1200  77.60 1 5
 20100704 1200  74.30 1 5
 20100705 1200  73.90 1 5
 20100706 1200  76.10 1 5
 20100707 1200  79.10 1 5
 20100708 1200  80.50 1 5
 20100709 1200  80.90 1 5
 20100710 1200  87.70 1 5
 20100711 1200  81.80 1 5
 20100712 1200  -9.99 0 0
 20100713 1200  77.50 1 1
 20100714 1200  83.30 1 1
 20100715 1200  78.40 1 1
 20100716 1200  80.80 1 1
 20100717 1200  80.40 1 1
 20100718 1200  84.10 1 1
 20100719 1200  80.40 1 1
 20100720 1200  79.20 1 1
 20100721 1200  75.10 1 1
 20100722 1200  79.20 1 1
 20100723 1200  78.40 1 1
 20100724 1200  80.80 1 1
 20100725 1200  84.10 1 1
 20100726 1200  78.40 1 1
 20100727 1200  80.00 1 1
 20100728 1200  82.10 1 1
 20100729 1200  80.80 1 1
 20100730 1200  77.10 1 1
 20100731 1200  75.90 1 1
 20100801 1200  75.90 1 1
 20100802 1200  77.10 1 1
 20100803 1200  77.50 1 1
 20100804 1200  77.50 1 1
 20100805 1200  78.80 1 1
 20100806 1200  77.90 1 1
 20100807 1200  77.10 1 1
 20100808 1200  77.50 1 1
 20100809 1200  80.40 1 1
 20100810 1200  78.80 1 1
 20100811 1200  84.90 1 1
 20100812 1200  82.10 1 1
 20100813 1200  77.50 1 1
 20100814 1200  75.50 1 1
 20100815 1200  76.70 1 1
 20100816 1200  80.40 1 1
 20100817 1200  83.70 1 1
 20100818 1200  80.80 1 1
 20100819 1200  82.10 1 1
 20100820 1200  80.40 1 1
 20100821 1200  79.60 1 1
 20100822 1200  80.00 1 1
 20100823 1200  78.80 1 1
 20100824 1200  82.10 1 1
 20100825 1200  79.20 1 1
 20100826 1200  76.70 1 1
 20100827 1200  79.20 1 1
 20100828 1200  79.60 1 1
 20100829 1200  80.40 1 1
 20100830 1200  80.40 1 1
 20100831 1200  83.30 1 1
 20100901 1200  80.00 1 1
 20100902 1200  82.10 1 1
 20100903 1200  80.00 1 1
 20100904 1200  81.20 1 1
 20100905 1200  81.20 1 1
 20100906 1200  80.00 1 1
 20100907 1200  77.90 1 1
 20100908 1200  77.10 1 1
 20100909 1200  74.70 1 1
 20100910 1200  74.70 1 1
 20100911 1200  72.60 1 1
 20100912 1200  75.90 1 1
 20100913 1200  77.10 1 1
 20100914 1200  80.00 1 1
 20100915 1200  77.90 1 1
 20100916 1200  77.90 1 1
 20100917 1200  83.70 1 1
 20100918 1200  82.90 1 1
 20100919 1200  82.90 1 1
 20100920 1200  80.40 1 1
 20100921 1200  82.10 1 1
 20100922 1200  82.10 1 1
 20100923 1200  80.80 1 1
 20100924 1200  83.30 1 1
 20100925 1200  79.20 1 1
 20100926 1200  82.90 1 1
 20100927 1200  80.80 1 1
 20100928 1200  87.00 1 1
 20100929 1200  81.20 1 1
 20100930 1200  84.90 1 1
 20101001 1200  80.80 1 1
 20101002 1200  83.70 1 1
 20101003 1200  84.90 1 1
 20101004 1200  84.90 1 1
 20101005 1200  80.80 1 1
 20101006 1200  80.40 1 1
 20101007 1200  81.60 1 1
 20101008 1200  78.80 1 1
 20101009 1200  78.40 1 1
 20101010 1200  79.20 1 1
 20101011 1200  82.50 1 1
 20101012 1200  80.40 1 1
 20101013 1200  80.40 1 1
 20101014 1200  77.90 1 1
 20101015 1200  77.10 1 1
 20101016 1200  79.20 1 1
 20101017 1200  77.50 1 1
 20101018 1200  78.40 1 1
 20101019 1200  75.10 1 1
 20101020 1200  73.40 1 1
 20101021 1200  78.80 1 1
 20101022 1200  84.50 1 1
 20101023 1200  83.30 1 1
 20101024 1200  82.10 1 1
 20101025 1200  80.00 1 1
 20101026 1200  80.40 1 1
 20101027 1200  79.60 1 1
 20101028 1200  80.80 1 1
 20101029 1200  80.80 1 1
 20101030 1200  81.60 1 1
 20101031 1200  81.20 1 1
 20101101 1200  82.90 1 1
 20101102 1200  85.80 1 1
 20101103 1200  82.50 1 1
 20101104 1200  80.80 1 1
 20101105 1200  83.70 1 1
 20101106 1200  82.90 1 1
 20101107 1200  82.90 1 1
 20101108 1200  81.60 1 1
 20101109 1200  83.70 1 1
 20101110 1200  81.20 1 1
 20101111 1200  78.40 1 1
 20101112 1200  82.90 1 1
 20101113 1200  82.50 1 1
 20101114 1200  80.00 1 1
 20101115 1200  79.20 1 1
 20101116 1200  82.50 1 1
 20101117 1200  84.90 1 1
 20101118 1200  87.40 1 1
 20101119 1200  84.10 1 1
 20101120 1200  83.70 1 1
 20101121 1200  86.20 1 1
 20101122 1200  86.20 1 1
 20101123 1200  84.10 1 1
 20101124 1200  84.10 1 1
 20101125 1200  83.70 1 1
 20101126 1200  83.70 1 1
 20101127 1200  83.70 1 1
 20101128 1200  83.30 1 1
 20101129 1200  84.10 1 1
 20101130 1200  85.80 1 1
 20101201 1200  89.00 1 1
 20101202 1200  87.00 1 1
 20101203 1200  82.90 1 1
 20101204 1200  84.50 1 1
 20101205 1200  84.10 1 1
 20101206 1200  79.60 1 1
 20101207 1200  74.70 1 1
 20101208 1200  77.10 1 1
 20101209 1200  76.70 1 1
 20101210 1200  75.10 1 1
 20101211 1200  77.10 1 1
 20101212 1200  79.20 1 1
 20101213 1200  80.00 1 1
 20101214 1200  80.40 1 1
 20101215 1200  78.40 1 1
 20101216 1200  75.10 1 1
 20101217 1200  75.50 1 1
 20101218 1200  73.00 1 1
 20101219 1200  76.30 1 1
 20101220 1200  75.50 1 1
 20101221 1200  75.50 1 1
 20101222 1200  73.40 1 1
 20101223 1200  82.90 1 1
 20101224 1200  80.00 1 1
 20101225 1200  80.80 1 1
 20101226 1200  84.10 1 1
 20101227 1200  82.50 1 1
 20101228 1200  82.50 1 1
 20101229 1200  78.40 1 1
 20101230 1200  78.80 1 1
 20101231 1200  80.00 1 1
 20110101 1200  81.20 1 1
 20110102 1200  82.10 1 1
 20110103 1200  82.10 1 1
 20110104 1200  89.50 1 1
 20110105 1200  82.50 1 1
 20110106 1200  80.00 1 1
 20110107 1200  82.10 1 1
 20110108 1200  82.10 1 1
 20110109 1200  80.40 1 1
 20110110 1200  80.00 1 1
 20110111 1200  82.50 1 1
 20110112 1200  77.10 1 1
 20110113 1200  80.80 1 1
 20110114 1200  80.00 1 1
 20110115 1200  76.30 1 1
 20110116 1200  75.50 1 1
 20110117 1200  77.10 1 1
 20110118 1200  75.50 1 1
 20110119 1200  77.10 1 1
 20110120 1200  76.30 1 1
 20110121 1200  73.40 1 1
 20110122 1200  73.80 1 1
 20110123 1200  75.10 1 1
 20110124 1200  75.50 1 1
 20110125 1200  72.60 1 1
 20110126 1200  76.70 1 1
 20110127 1200  75.90 1 1
 20110128 1200  77.90 1 1
 20110129 1200  80.80 1 1
 20110130 1200  78.40 1 1
 20110131 1200  81.20 1 1
 20110201 1200  80.80 1 1
 20110202 1200  86.20 1 1
 20110203 1200  80.80 1 1
 20110204 1200  80.80 1 1
 20110205 1200  76.70 1 1
 20110206 1200  75.10 1 1
 20110207 1200  71.00 1 1
 20110208 1200  74.20 1 1
 20110209 1200  77.50 1 1
 20110210 1200  75.90 1 1
 20110211 1200  77.90 1 1
 20110212 1200  77.10 1 1
 20110213 1200  77.90 1 1
 20110214 1200  76.70 1 1
 20110215 1200  73.00 1 1
 20110216 1200  73.40 1 1
 20110217 1200  74.20 1 1
 20110218 1200  74.20 1 1
 20110219 1200  76.70 1 1
 20110220 1200  77.10 1 1
 20110221 1200  75.90 1 1
 20110222 1200  79.20 1 1
 20110223 1200  79.60 1 1
 20110224 1200  83.30 1 1
 20110225 1200  80.80 1 1
 20110226 1200  82.50 1 1
 20110227 1200  78.80 1 1
 20110228 1200  78.40 1 1
 20110301 1200  77.50 1 1
 20110302 1200  72.20 1 1
 20110303 1200  75.10 1 1
 20110304 1200  72.20 1 1
 20110305 1200  72.60 1 1
 20110306 1200  75.50 1 1
 20110307 1200  77.90 1 1
 20110308 1200  81.60 1 1
 20110309 1200  81.60 1 1
 20110310 1200  80.00 1 1
 20110311 1200  81.20 1 1
 20110312 1200  82.10 1 1
 20110313 1200  77.90 1 1
 20110314 1200  81.60 1 1
 20110315 1200  74.70 1 1
 20110316 1200  77.50 1 1
 20110317 1200  76.70 1 1
 20110318 1200  78.40 1 1
 20110319 1200  75.90 1 1
 20110320 1200  75.10 1 1
 20110321 1200  71.80 1 1
 20110322 1200  73.40 1 1
 20110323 1200  77.90 1 1
 20110324 1200  75.90 1 1
 20110325 1200  77.90 1 1
 20110326 1200  75.50 1 1
 20110327 1200  76.30 1 1
 20110328 1200  75.90 1 1
 20110329 1200  77.50 1 1
 20110330 1200  81.20 1 1
 20110331 1200  77.50 1 1
 20110401 1200  77.90 1 1
 20110402 1200  79.20 1 1
 20110403 1200  77.50 1 1
 20110404 1200  73.80 1 1
 20110405 1200  72.20 1 1
 20110406 1200  71.00 1 1
 20110407 1200  71.40 1 1
 20110408 1200  71.00 1 1
 20110409 1200  73.40 1 1
 20110410 1200  74.20 1 1
 20110411 1200  75.10 1 1
 20110412 1200  75.50 1 1
 20110413 1200  80.00 1 1
 20110414 1200  80.00 1 1
 20110415 1200  82.10 1 1
 20110416 1200  82.10 1 1
 20110417 1200  79.60 1 1
 20110418 1200  79.20 1 1
 20110419 1200  77.50 1 1
 20110420 1200  74.70 1 1
 20110421 1200  74.70 1 1
 20110422 1200  76.70 1 1
 20110423 1200  78.40 1 1
 20110424 1200  84.90 1 1
 20110425 1200  80.00 1 1
 20110426 1200  77.50 1 1
 20110427 1200  82.10 1 1
 20110428 1200  82.90 1 1
 20110429 1200  84.50 1 1
 20110430 1200  78.80 1 1
 20110501 1200  79.20 1 1
 20110502 1200  84.50 1 1
 20110503 1200  84.10 1 1
 20110504 1200  81.60 1 1
 20110505 1200  80.40 1 1
 20110506 1200  79.60 1 1
 20110507 1200  77.50 1 1
 20110508 1200  78.80 1 1
 20110509 1200  80.00 1 1
 20110510 1200  76.70 1 1
 20110511 1200  73.00 1 1
 20110512 1200  73.80 1 1
 20110513 1200  71.80 1 1
 20110514 1200  71.00 1 1
 20110515 1200  71.80 1 1
 20110516 1200  73.00 1 1
 20110517 1200  72.60 1 1
 20110518 1200  73.40 1 1
 20110519 1200  71.40 1 1
 20110520 1200  71.00 1 1
 20110521 1200  70.50 1 1
 20110522 1200  65.60 1 1
 20110523 1200  70.10 1 1
 20110524 1200  -9.99 0 0
 20110525 1200  -9.99 0 0
 20110526 1200  73.70 1 5
 20110527 1200  82.80 1 5
 20110528 1200  85.00 1 5
 20110529 1200  82.40 1 5
 20110530 1200  82.60 1 5
 20110531 1200  83.70 1 5
 20110601 1200  82.10 1 5
 20110602 1200  84.20 1 5
 20110603 1200  86.50 1 5
 20110604 1200  83.00 1 5
 20110605 1200  79.80 1 5
 20110606 1200  76.90 1 5
 20110607 1200  77.50 1 5
 20110608 1200  75.60 1 5
 20110609 1200  75.60 1 5
 20110610 1200  76.80 1 5
 20110611 1200  79.70 1 5
 20110612 1200  79.80 1 5
 20110613 1200  80.50 1 5
 20110614 1200  79.50 1 5
 20110615 1200  78.20 1 5
 20110616 1200  75.60 1 5
 20110617 1200  75.00 1 5
 20110618 1200  75.40 1 5
 20110619 1200  77.50 1 5
 20110620 1200  80.00 1 5
 20110621 1200  81.30 1 5
 20110622 1200  77.20 1 5
 20110623 1200  79.00 1 5
 20110624 1200  79.30 1 5
 20110625 1200  88.20 1 5
 20110626 1200  83.30 1 5
 20110627 1200  80.00 1 5
 20110628 1200  76.90 1 5
 20110629 1200  80.30 1 5
 20110630 1200  78.80 1 5
 20110701 1200  77.40 1 5
 20110702 1200  78.70 1 5
 20110703 1200  78.50 1 5
 20110704 1200  77.60 1 5
 20110705 1200  77.10 1 5
 20110706 1200  77.90 1 5
 20110707 1200  77.00 1 5
 20110708 1200  75.10 1 5
 20110709 1200  79.30 1 5
 20110710 1200  79.20 1 5
 20110711 1200  84.60 1 5
 20110712 1200  87.10 1 5
 20110713 1200  78.70 1 5
 20110714 1200  77.50 1 5
 20110715 1200  78.90 1 5
 20110716 1200  78.60 1 5
 20110717 1200  77.80 1 5
 20110718 1200  79.30 1 5
 20110719 1200  80.60 1 5
 20110720 1200  78.80 1 5
 20110721 1200  78.30 1 5
 20110722 1200  79.70 1 5
 20110723 1200  79.50 1 5
 20110724 1200  79.80 1 5
 20110725 1200  80.80 1 5
 20110726 1200  81.40 1 5
 20110727 1200  79.70 1 5
 20110728 1200  76.40 1 5
 20110729 1200  78.60 1 5
 20110730 1200  83.00 1 5
 20110731 1200  86.10 1 5
 20110801 1200  81.00 1 5
 20110802 1200  86.10 1 5
 20110803 1200  81.70 1 5
 20110804 1200  79.50 1 5
 20110805 1200  81.20 1 5
 20110806 1200  81.80 1 5
 20110807 1200  80.50 1 5
 20110808 1200  78.40 1 5
 20110809 1200  76.60 1 5
 20110810 1200  78.60 1 5
 20110811 1200  80.00 1 5
 20110812 1200  88.20 1 5
 20110813 1200  76.70 1 5
 20110814 1200  77.80 1 5
 20110815 1200  78.10 1 5
 20110816 1200  79.40 1 5
 20110817 1200  77.50 1 5
 20110818 1200  76.40 1 5
 20110819 1200  79.70 1 5
 20110820 1200  76.00 1 5
 20110821 1200  75.00 1 5
 20110822 1200  77.50 1 5
 20110823 1200  75.60 1 5
 20110824 1200  75.20 1 5
 20110825 1200  77.90 1 5
 20110826 1200  78.30 1 5
 20110827 1200  79.30 1 5
 20110828 1200  83.70 1 5
 20110829 1200  77.70 1 5
 20110830 1200  80.30 1 5
 20110831 1200  81.30 1 5
 20110901 1200  80.50 1 5
 20110902 1200  79.10 1 5
 20110903 1200  79.70 1 5
 20110904 1200  80.50 1 5
 20110905 1200  81.70 1 5
 20110906 1200  83.20 1 5
 20110907 1200  77.90 1 5
 20110908 1200  80.80 1 5
 20110909 1200  82.00 1 5
 20110910 1200  81.80 1 5
 20110911 1200  83.50 1 5
 20110912 1200  78.50 1 5
 20110913 1200  82.10 1 5
 20110914 1200  81.70 1 5
 20110915 1200  81.30 1 5
 20110916 1200  84.30 1 5
 20110917 1200  82.30 1 5
 20110918 1200  80.10 1 5
 20110919 1200  79.70 1 5
 20110920 1200  87.30 1 5
 20110921 1200  82.20 1 5
 20110922 1200  79.30 1 5
 20110923 1200  81.50 1 5
 20110924 1200  80.50 1 5
 20110925 1200  80.20 1 5
 20110926 1200  79.70 1 5
 20110927 1200  79.50 1 5
 20110928 1200  79.20 1 5
 20110929 1200  80.60 1 5
 20110930 1200  79.00 1 5
 20111001 1200  74.70 1 5
 20111002 1200  76.60 1 5
 20111003 1200  84.40 1 5
 20111004 1200  81.70 1 5
 20111005 1200  75.50 1 5
 20111006 1200  77.10 1 5
 20111007 1200  80.40 1 5
 20111008 1200  76.20 1 5
 20111009 1200  75.80 1 5
 20111010 1200  74.40 1 5
 20111011 1200  73.50 1 5
 20111012 1200  75.90 1 5
 20111013 1200  75.70 1 5
 20111014 1200  81.50 1 5
 20111015 1200  80.70 1 5
 20111016 1200  84.20 1 5
 20111017 1200  85.20 1 5
 20111018 1200  81.80 1 5
 20111019 1200  80.60 1 5
 20111020 1200  80.40 1 5
 20111021 1200  82.60 1 5
 20111022 1200  77.50 1 5
 20111023 1200  78.80 1 5
 20111024 1200  78.20 1 5
 20111025 1200  77.70 1 5
 20111026 1200  81.70 1 5
 20111027 1200  78.40 1 5
 20111028 1200  80.30 1 5
 20111029 1200  80.50 1 5
 20111030 1200  81.40 1 5
 20111031 1200  89.30 1 5
 20111101 1200  84.90 1 5
 20111102 1200  82.50 1 5
 20111103 1200  81.40 1 5
 20111104 1200  83.20 1 5
 20111105 1200  79.70 1 5
 20111106 1200  77.90 1 5
 20111107 1200  79.40 1 5
 20111108 1200  77.70 1 5
 20111109 1200  76.80 1 5
 20111110 1200  74.30 1 5
 20111111 1200  73.90 1 5
 20111112 1200  73.10 1 5
 20111113 1200  73.60 1 5
 20111114 1200  75.70 1 5
 20111115 1200  74.00 1 5
 20111116 1200  70.70 1 5
 20111117 1200  73.20 1 5
 20111118 1200  74.40 1 5
 20111119 1200  73.90 1 5
 20111120 1200  75.80 1 5
 20111121 1200  75.00 1 5
 20111122 1200  78.90 1 5
 20111123 1200  80.70 1 5
 20111124 1200  76.10 1 5
 20111125 1200  82.10 1 5
 20111126 1200  82.40 1 5
 20111127 1200  83.90 1 5
 20111128 1200  82.00 1 5
 20111129 1200  86.90 1 5
 20111130 1200  82.30 1 5
 20111201 1200  83.30 1 5
 20111202 1200  81.90 1 5
 20111203 1200  79.60 1 5
 20111204 1200  79.00 1 5
 20111205 1200  78.40 1 5
 20111206 1200  77.90 1 5
 20111207 1200  77.20 1 5
 20111208 1200  73.70 1 5
 20111209 1200  77.00 1 5
 20111210 1200  78.40 1 5
 20111211 1200  79.50 1 5
 20111212 1200  81.00 1 5
 20111213 1200  84.50 1 5
 20111214 1200  78.90 1 5
 20111215 1200  80.30 1 5
 20111216 1200  78.80 1 5
 20111217 1200  83.50 1 5
 20111218 1200  83.70 1 5
 20111219 1200  82.40 1 5
 20111220 1200  80.40 1 5
 20111221 1200  80.50 1 5
 20111222 1200  84.60 1 5
 20111223 1200  83.70 1 5
 20111224 1200  83.30 1 5
 20111225 1200  82.80 1 5
 20111226 1200  86.50 1 5
 20111227 1200  81.50 1 5
 20111228 1200  77.60 1 5
 20111229 1200  76.30 1 5
 20111230 1200  76.30 1 5
 20111231 1200  75.00 1 5
 20120101 1200  75.00 1 5
 20120102 1200  75.20 1 5
 20120103 1200  74.30 1 5
 20120104 1200  72.90 1 5
 20120105 1200  72.40 1 5
 20120106 1200  75.40 1 5
 20120107 1200  73.90 1 5
 20120108 1200  77.80 1 5
 20120109 1200  80.70 1 5
 20120110 1200  80.30 1 5
 20120111 1200  80.90 1 5
 20120112 1200  79.60 1 5
 20120113 1200  79.60 1 5
 20120114 1200  81.00 1 5
 20120115 1200  80.10 1 5
 20120116 1200  77.30 1 5
 20120117 1200  74.40 1 5
 20120118 1200  76.50 1 5
 20120119 1200  75.10 1 5
 20120120 1200  75.50 1 5
 20120121 1200  73.30 1 5
 20120122 1200  74.90 1 5
 20120123 1200  74.70 1 5
 20120124 1200  73.80 1 5
 20120125 1200  76.20 1 5
 20120126 1200  77.20 1 5
 20120127 1200  78.30 1 5
 20120128 1200  78.70 1 5
 20120129 1200  78.60 1 5
 20120130 1200  78.30 1 5
 20120131 1200  77.50 1 5
 20120201 1200  76.90 1 5
 20120202 1200  77.10 1 5
 20120203 1200  72.20 1 5
 20120204 1200  77.00 1 5
 20120205 1200  78.40 1 5
 20120206 1200  79.30 1 5
 20120207 1200  82.10 1 5
 20120208 1200  74.80 1 5
 20120209 1200  73.40 1 5
 20120210 1200  77.20 1 5
 20120211 1200  77.20 1 5
 20120212 1200  78.60 1 5
 20120213 1200  79.50 1 5
 20120214 1200  79.50 1 5
 20120215 1200  83.00 1 5
 20120216 1200  75.90 1 5
 20120217 1200  80.60 1 5
 20120218 1200  76.30 1 5
 20120219 1200  77.80 1 5
 20120220 1200  82.00 1 5
 20120221 1200  79.70 1 5
 20120222 1200  82.50 1 5
 20120223 1200  82.70 1 5
 20120224 1200  82.80 1 5
 20120225 1200  77.50 1 5
 20120226 1200  78.60 1 5
 20120227 1200  77.20 1 5
 20120228 1200  77.60 1 5
 20120229 1200  77.90 1 5
 20120301 1200  79.30 1 5
 20120302 1200  79.10 1 5
 20120303 1200  78.40 1 5
 20120304 1200  77.20 1 5
 20120305 1200  78.20 1 5
 20120306 1200  82.90 1 5
 20120307 1200  77.80 1 5
 20120308 1200  74.70 1 5
 20120309 1200  79.90 1 5
 20120310 1200  79.60 1 5
 20120311 1200  77.50 1 5
 20120312 1200  77.50 1 5
 20120313 1200  76.80 1 5
 20120314 1200  72.80 1 5
 20120315 1200  68.50 1 5
 20120316 1200  71.30 1 5
 20120317 1200  74.80 1 5
 20120318 1200  74.40 1 5
 20120319 1200  77.50 1 5
 20120320 1200  75.50 1 5
 20120321 1200  74.20 1 5
 20120322 1200  73.90 1 5
 20120323 1200  71.10 1 5
 20120324 1200  74.50 1 5
 20120325 1200  80.40 1 5
 20120326 1200  76.70 1 5
 20120327 1200  72.60 1 5
 20120328 1200  71.90 1 5
 20120329 1200  78.70 1 5
 20120330 1200  82.30 1 5
 20120331 1200  78.00 1 5
 20120401 1200  78.30 1 5
 20120402 1200  73.20 1 5
 20120403 1200  74.70 1 5
 20120404 1200  74.50 1 5
 20120405 1200  72.30 1 5
 20120406 1200  69.10 1 5
 20120407 1200  68.00 1 5
 20120408 1200  71.10 1 5
 20120409 1200  75.40 1 5
 20120410 1200  78.30 1 5
 20120411 1200  72.50 1 5
 20120412 1200  75.90 1 5
 20120413 1200  75.60 1 5
 20120414 1200  75.80 1 5
 20120415 1200  74.30 1 5
 20120416 1200  79.70 1 5
 20120417 1200  83.50 1 5
 20120418 1200  78.50 1 5
 20120419 1200  80.50 1 5
 20120420 1200  75.90 1 5
 20120421 1200  75.50 1 5
 20120422 1200  78.00 1 5
 20120423 1200  77.00 1 5
 20120424 1200  72.90 1 5
 20120425 1200  77.30 1 5
 20120426 1200  77.50 1 5
 20120427 1200  82.00 1 5
 20120428 1200  81.90 1 5
 20120429 1200  75.70 1 5
 20120430 1200  74.60 1 5
 20120501 1200  75.50 1 5
 20120502 1200  73.10 1 5
 20120503 1200  72.40 1 5
 20120504 1200  73.70 1 5
 20120505 1200  71.70 1 5
 20120506 1200  73.20 1 5
 20120507 1200  77.20 1 5
 20120508 1200  77.10 1 5
 20120509 1200  75.90 1 5
 20120510 1200  75.00 1 5
 20120511 1200  75.20 1 5
 20120512 1200  75.40 1 5
 20120513 1200  73.00 1 5
 20120514 1200  73.00 1 5
 20120515 1200  75.90 1 5
 20120516 1200  75.50 1 5
 20120517 1200  74.90 1 5
 20120518 1200  76.10 1 5
 20120519 1200  79.20 1 5
 20120520 1200  81.50 1 5
 20120521 1200  82.00 1 5
 20120522 1200  79.30 1 5
 20120523 1200  76.00 1 5
 20120524 1200  79.00 1 5
 20120525 1200  79.90 1 5
 20120526 1200  78.40 1 5
 20120527 1200  80.30 1 5
 20120528 1200  80.40 1 5
 20120529 1200  78.40 1 5
 20120530 1200  80.40 1 5
 20120531 1200  77.80 1 5
 20120601 1200  80.60 1 5
 20120602 1200  79.20 1 5
 20120603 1200  79.10 1 5
 20120604 1200  77.90 1 5
 20120605 1200  77.30 1 5
 20120606 1200  79.60 1 5
 20120607 1200  77.10 1 5
 20120608 1200  79.40 1 5
 20120609 1200  79.00 1 5
 20120610 1200  79.80 1 5
 20120611 1200  76.10 1 5
 20120612 1200  74.70 1 5
 20120613 1200  74.30 1 5
 20120614 1200  76.30 1 5
 20120615 1200  74.10 1 5
 20120616 1200  71.20 1 5
 20120617 1200  77.10 1 5
 20120618 1200  77.80 1 5
 20120619 1200  79.60 1 5
 20120620 1200  80.60 1 5
 20120621 1200  77.40 1 5
 20120622 1200  73.20 1 5
 20120623 1200  70.80 1 5
 20120624 1200  72.20 1 5
 20120625 1200  76.50 1 5
 20120626 1200  77.20 1 5
 20120627 1200  78.70 1 5
 20120628 1200  71.90 1 5
 20120629 1200  76.10 1 5
 20120630 1200  76.70 1 5
 20120701 1200  79.20 1 5
 20120702 1200  77.20 1 5
 20120703 1200  77.10 1 5
 20120704 1200  80.90 1 5
 20120705 1200  76.80 1 5
 20120706 1200  79.40 1 5
 20120707 1200  78.60 1 5
 20120708 1200  77.10 1 5
 20120709 1200  76.30 1 5
 20120710 1200  78.70 1 5
 20120711 1200  78.50 1 5
 20120712 1200  77.30 1 5
 20120713 1200  77.60 1 5
 20120714 1200  76.70 1 5
 20120715 1200  77.20 1 5
 20120716 1200  77.00 1 5
 20120717 1200  75.10 1 5
 20120718 1200  77.50 1 5
 20120719 1200  75.40 1 5
 20120720 1200  82.90 1 5
 20120721 1200  78.50 1 5
 20120722 1200  82.50 1 5
 20120723 1200  76.50 1 5
 20120724 1200  78.80 1 5
 20120725 1200  75.00 1 5
 20120726 1200  73.40 1 5
 20120727 1200  72.50 1 5
 20120728 1200  75.40 1 5
 20120729 1200  76.30 1 5
 20120730 1200  76.60 1 5
 20120731 1200  77.70 1 5
 20120801 1200  75.70 1 5
 20120802 1200  74.80 1 5
 20120803 1200  72.80 1 5
 20120804 1200  72.30 1 5
 20120805 1200  70.60 1 5
 20120806 1200  72.00 1 5
 20120807 1200  75.20 1 5
 20120808 1200  80.90 1 5
 20120809 1200  82.50 1 5
 20120810 1200  77.90 1 5
 20120811 1200  78.20 1 5
 20120812 1200  79.20 1 5
 20120813 1200  80.70 1 5
 20120814 1200  78.70 1 5
 20120815 1200  80.20 1 5
 20120816 1200  80.20 1 5
 20120817 1200  78.60 1 5
 20120818 1200  82.90 1 5
 20120819 1200  80.90 1 5
 20120820 1200  79.00 1 5
 20120821 1200  78.40 1 5
 20120822 1200  81.80 1 5
 20120823 1200  78.90 1 5
 20120824 1200  75.60 1 5
 20120825 1200  78.50 1 5
 20120826 1200  79.30 1 5
 20120827 1200  80.20 1 5
 20120828 1200  76.70 1 5
 20120829 1200  76.50 1 5
 20120830 1200  75.80 1 5
 20120831 1200  76.40 1 5
 20120901 1200  79.40 1 5
 20120902 1200  81.30 1 5
 20120903 1200  80.90 1 5
 20120904 1200  78.70 1 5
 20120905 1200  81.50 1 5
 20120906 1200  81.00 1 5
 20120907 1200  83.10 1 5
 20120908 1200  78.60 1 5
 20120909 1200  74.00 1 5
 20120910 1200  71.60 1 5
 20120911 1200  80.80 1 5
 20120912 1200  80.50 1 5
 20120913 1200  78.80 1 5
 20120914 1200  71.30 1 5
 20120915 1200  67.60 1 5
 20120916 1200  70.80 1 5
 20120917 1200  73.10 1 5
 20120918 1200  74.80 1 5
 20120919 1200  71.40 1 5
 20120920 1200  73.80 1 5
 20120921 1200  77.70 1 5
 20120922 1200  82.30 1 5
 20120923 1200  79.30 1 5
 20120924 1200  75.80 1 5
 20120925 1200  76.20 1 5
 20120926 1200  76.00 1 5
 20120927 1200  73.50 1 5
 20120928 1200  74.00 1 5
 20120929 1200  76.20 1 5
 20120930 1200  72.10 1 5
 20121001 1200  67.10 1 5
 20121002 1200  69.20 1 5
 20121003 1200  70.30 1 5
 20121004 1200  70.20 1 5
 20121005 1200  70.20 1 5
 20121006 1200  72.60 1 5
 20121007 1200  77.20 1 5
 20121008 1200  73.50 1 5
 20121009 1200  73.10 1 5
 20121010 1200  76.40 1 5
 20121011 1200  78.40 1 5
 20121012 1200  75.00 1 5
 20121013 1200  76.60 1 5
 20121014 1200  80.30 1 5
 20121015 1200  81.30 1 5
 20121016 1200  80.60 1 5
 20121017 1200  82.40 1 5
 20121018 1200  78.70 1 5
 20121019 1200  75.80 1 5
 20121020 1200  75.90 1 5
 20121021 1200  81.20 1 5
 20121022 1200  83.30 1 5
 20121023 1200  81.20 1 5
 20121024 1200  82.60 1 5
 20121025 1200  85.60 1 5
 20121026 1200  80.60 1 5
 20121027 1200  79.30 1 5
 20121028 1200  80.30 1 5
 20121029 1200  76.30 1 5
 20121030 1200  81.10 1 5
 20121031 1200  78.80 1 5
 20121101 1200  85.80 1 5
 20121102 1200  84.00 1 5
 20121103 1200  83.00 1 5
 20121104 1200  79.80 1 5
 20121105 1200  83.20 1 5
 20121106 1200  78.00 1 5
 20121107 1200  79.50 1 5
 20121108 1200  89.30 1 5
 20121109 1200  82.20 1 5
 20121110 1200  80.30 1 5
 20121111 1200  80.90 1 5
 20121112 1200  80.80 1 5
 20121113 1200  83.10 1 5
 20121114 1200  82.30 1 5
 20121115 1200  79.20 1 5
 20121116 1200  84.30 1 5
 20121117 1200  84.20 1 5
 20121118 1200  81.30 1 5
 20121119 1200  80.10 1 5
 20121120 1200  80.30 1 5
 20121121 1200  80.70 1 5
 20121122 1200  82.10 1 5
 20121123 1200  74.70 1 5
 20121124 1200  77.00 1 5
 20121125 1200  82.50 1 5
 20121126 1200  86.40 1 5
 20121127 1200  84.00 1 5
 20121128 1200  85.80 1 5
 20121129 1200  81.50 1 5
 20121130 1200  82.40 1 5
 20121201 1200  82.60 1 5
 20121202 1200  81.80 1 5
 20121203 1200  78.00 1 5
 20121204 1200  77.20 1 5
 20121205 1200  78.20 1 5
 20121206 1200  76.20 1 5
 20121207 1200  72.10 1 5
 20121208 1200  76.00 1 5
 20121209 1200  75.20 1 5
 20121210 1200  78.20 1 5
 20121211 1200  78.20 1 5
 20121212 1200  75.90 1 5
 20121213 1200  76.70 1 5
 20121214 1200  84.20 1 5
 20121215 1200  78.90 1 5
 20121216 1200  80.00 1 5
 20121217 1200  75.50 1 5
 20121218 1200  78.60 1 5
 20121219 1200  80.80 1 5
 20121220 1200  79.40 1 5
 20121221 1200  79.10 1 5
 20121222 1200  79.80 1 5
 20121223 1200  83.20 1 5
 20121224 1200  82.40 1 5
 20121225 1200  83.30 1 5
 20121226 1200  88.00 1 5
 20121227 1200  84.60 1 5
 20121228 1200  79.90 1 5
 20121229 1200  84.80 1 5
 20121230 1200  84.60 1 5
 20121231 1200  81.50 1 5
 20130101 1200  79.10 1 5
 20130102 1200  81.30 1 5
 20130103 1200  79.90 1 5
 20130104 1200  77.90 1 5
 20130105 1200  79.80 1 5
 20130106 1200  79.00 1 5
 20130107 1200  77.20 1 5
 20130108 1200  77.80 1 5
 20130109 1200  78.80 1 5
 20130110 1200  77.30 1 5
 20130111 1200  76.20 1 5
 20130112 1200  79.50 1 5
 20130113 1200  80.00 1 5
 20130114 1200  79.70 1 5
 20130115 1200  79.00 1 5
 20130116 1200  83.20 1 5
 20130117 1200  80.60 1 5
 20130118 1200  77.30 1 5
 20130119 1200  77.50 1 5
 20130120 1200  81.80 1 5
 20130121 1200  78.60 1 5
 20130122 1200  77.50 1 5
 20130123 1200  80.20 1 5
 20130124 1200  82.00 1 5
 20130125 1200  80.20 1 5
 20130126 1200  80.20 1 5
 20130127 1200  80.20 1 5
 20130128 1200  82.10 1 5
 20130129 1200  80.80 1 5
 20130130 1200  81.50 1 5
 20130131 1200  79.20 1 5
 20130201 1200  79.70 1 5
 20130202 1200  80.70 1 5
 20130203 1200  83.30 1 5
 20130204 1200  80.00 1 5
 20130205 1200  81.90 1 5
 20130206 1200  81.00 1 5
 20130207 1200  84.70 1 5
 20130208 1200  82.20 1 5
 20130209 1200  78.10 1 5
 20130210 1200  79.00 1 5
 20130211 1200  79.20 1 5
 20130212 1200  79.30 1 5
 20130213 1200  77.70 1 5
 20130214 1200  80.80 1 5
 20130215 1200  81.20 1 5
 20130216 1200  78.20 1 5
 20130217 1200  77.30 1 5
 20130218 1200  78.30 1 5
 20130219 1200  81.00 1 5
 20130220 1200  79.90 1 5
 20130221 1200  75.00 1 5
 20130222 1200  78.00 1 5
 20130223 1200  80.10 1 5
 20130224 1200  79.20 1 5
 20130225 1200  80.10 1 5
 20130226 1200  78.60 1 5
 20130227 1200  79.60 1 5
 20130228 1200  77.70 1 5
 20130301 1200  73.70 1 5
 20130302 1200  71.70 1 5
 20130303 1200  73.80 1 5
 20130304 1200  74.30 1 5
 20130305 1200  72.50 1 5
 20130306 1200  71.80 1 5
 20130307 1200  71.80 1 5
 20130308 1200  71.50 1 5
 20130309 1200  71.80 1 5
 20130310 1200  71.40 1 5
 20130311 1200  74.80 1 5
 20130312 1200  72.20 1 5
 20130313 1200  72.90 1 5
 20130314 1200  70.30 1 5
 20130315 1200  68.20 1 5
 20130316 1200  71.60 1 5
 20130317 1200  74.00 1 5
 20130318 1200  72.50 1 5
 20130319 1200  71.80 1 5
 20130320 1200  71.80 1 5
 20130321 1200  70.30 1 5
 20130322 1200  72.60 1 5
 20130323 1200  75.40 1 5
 20130324 1200  76.70 1 5
 20130325 1200  73.20 1 5
 20130326 1200  73.50 1 5
 20130327 1200  78.30 1 5
 20130328 1200  82.40 1 5
 20130329 1200  79.40 1 5
 20130330 1200  80.30 1 5
 20130331 1200  79.50 1 5
 20130401 1200  83.30 1 5
 20130402 1200  82.90 1 5
 20130403 1200  76.80 1 5
 20130404 1200  80.00 1 5
 20130405 1200  76.20 1 5
 20130406 1200  77.60 1 5
 20130407 1200  76.80 1 5
 20130408 1200  77.00 1 5
 20130409 1200  76.80 1 5
 20130410 1200  77.90 1 5
 20130411 1200  77.60 1 5
 20130412 1200  77.30 1 5
 20130413 1200  76.60 1 5
 20130414 1200  77.00 1 5
 20130415 1200  81.70 1 5
 20130416 1200  81.60 1 5
 20130417 1200  75.30 1 5
 20130418 1200  75.10 1 5
 20130419 1200  71.10 1 5
 20130420 1200  76.10 1 5
 20130421 1200  72.70 1 5
 20130422 1200  72.90 1 5
 20130423 1200  76.50 1 5
 20130424 1200  77.20 1 5
 20130425 1200  75.20 1 5
 20130426 1200  73.10 1 5
 20130427 1200  76.00 1 5
 20130428 1200  70.60 1 5
 20130429 1200  77.50 1 5
 20130430 1200  79.80 1 5
 20130501 1200  76.10 1 5
 20130502 1200  80.00 1 5
 20130503 1200  77.40 1 5
 20130504 1200  82.50 1 5
 20130505 1200  80.70 1 5
 20130506 1200  78.00 1 5
 20130507 1200  78.10 1 1
 20130508 1200  84.70 2 1
 20130509 1200  84.30 2 1
 20130510 1200  89.80 2 1
 20130511 1200  83.50 2 1
 20130512 1200  83.10 2 1
 20130513 1200  80.70 2 1
 20130514 1200  78.30 2 1
 20130515 1200  76.80 2 1
 20130516 1200  -9.99 0 0
 20130517 1200  80.30 2 1
 20130518 1200  77.50 2 1
 20130519 1200  78.70 2 1
 20130520 1200  81.50 2 1
 20130521 1200  74.40 2 1
 20130522 1200  79.50 2 1
 20130523 1200  82.70 2 1
 20130524 1200  80.30 2 1
 20130525 1200  78.30 2 1
 20130526 1200  76.40 2 1
 20130527 1200  75.60 2 1
 20130528 1200  75.60 2 1
 20130529 1200  73.20 2 1
 20130530 1200  74.00 2 1
 20130531 1200  76.40 2 1
 20130601 1200  77.90 2 1
 20130602 1200  78.70 2 1
 20130603 1200  78.30 2 1
 20130604 1200  77.10 2 1
 20130605 1200  79.10 2 1
 20130606 1200  77.10 2 1
 20130607 1200  74.40 2 1
 20130608 1200  80.30 2 1
 20130609 1200  79.90 2 1
 20130610 1200  77.10 2 1
 20130611 1200  77.90 2 1
 20130612 1200  76.40 2 1
 20130613 1200  76.40 2 1
 20130614 1200  77.10 2 1
 20130615 1200  79.50 2 1
 20130616 1200  77.10 2 1
 20130617 1200  76.00 2 1
 20130618 1200  75.60 2 1
 20130619 1200  72.00 2 1
 20130620 1200  72.00 2 1
 20130621 1200  72.80 2 1
 20130622 1200  72.80 2 1
 20130623 1200  74.40 2 1
 20130624 1200  74.80 2 1
 20130625 1200  77.50 2 1
 20130626 1200  72.40 2 1
 20130627 1200  76.40 2 1
 20130628 1200  74.40 2 1
 20130629 1200  72.80 2 1
 20130630 1200  76.80 2 1
 20130701 1200  76.80 2 1
 20130702 1200  83.10 2 1
 20130703 1200  76.00 2 1
 20130704 1200  74.00 2 1
 20130705 1200  74.00 2 1
 20130706 1200  77.10 2 1
 20130707 1200  74.80 2 1
 20130708 1200  77.90 2 1
 20130709 1200  78.30 2 1
 20130710 1200  75.60 2 1
 20130711 1200  70.80 2 1
 20130712 1200  74.40 2 1
 20130713 1200  76.00 2 1
 20130714 1200  76.40 2 1
 20130715 1200  77.50 2 1
 20130716 1200  75.20 2 1
 20130717 1200  75.60 2 1
 20130718 1200  71.60 2 1
 20130719 1200  72.00 2 1
 20130720 1200  72.00 2 1
 20130721 1200  72.00 2 1
 20130722 1200  76.00 2 1
 20130723 1200  76.80 2 1
 20130724 1200  72.40 2 1
 20130725 1200  72.80 2 1
 20130726 1200  73.20 2 1
 20130727 1200  78.30 2 1
 20130728 1200  78.70 2 1
 20130729 1200  77.10 2 1
 20130730 1200  78.70 2 1
 20130731 1200  75.20 2 1
 20130801 1200  75.20 2 1
 20130802 1200  78.70 2 1
 20130803 1200  77.90 2 1
 20130804 1200  77.90 2 1
 20130805 1200  81.90 2 1
 20130806 1200  77.50 2 1
 20130807 1200  76.00 2 1
 20130808 1200  77.90 2 1
 20130809 1200  76.80 2 1
 20130810 1200  76.80 2 1
 20130811 1200  74.00 2 1
 20130812 1200  74.40 2 1
 20130813 1200  72.80 2 1
 20130814 1200  74.80 2 1
 20130815 1200  75.20 2 1
 20130816 1200  74.00 2 1
 20130817 1200  78.70 2 1
 20130818 1200  78.30 2 1
 20130819 1200  78.70 2 1
 20130820 1200  79.10 2 1
 20130821 1200  78.70 2 1
 20130822 1200  76.40 2 1
 20130823 1200  77.90 2 1
 20130824 1200  77.50 2 1
 20130825 1200  75.20 2 1
 20130826 1200  78.70 2 1
 20130827 1200  75.60 2 1
 20130828 1200  78.30 2 1
 20130829 1200  77.10 2 1
 20130830 1200  78.30 2 1
 20130831 1200  78.70 2 1
 20130901 1200  80.70 2 1
 20130902 1200  84.70 2 1
 20130903 1200  82.30 2 1
 20130904 1200  74.40 2 1
 20130905 1200  79.10 2 1
 20130906 1200  76.40 2 1
 20130907 1200  75.20 2 1
 20130908 1200  77.10 2 1
 20130909 1200  75.60 2 1
 20130910 1200  77.10 2 1
 20130911 1200  78.30 2 1
 20130912 1200  81.10 2 1
 20130913 1200  78.70 2 1
 20130914 1200  74.00 2 1
 20130915 1200  70.80 2 1
 20130916 1200  74.40 2 1
 20130917 1200  76.80 2 1
 20130918 1200  74.80 2 1
 20130919 1200  74.00 2 1
 20130920 1200  76.00 2 1
 20130921 1200  76.40 2 1
 20130922 1200  76.00 2 1
 20130923 1200  76.40 2 1
 20130924 1200  78.70 2 1
 20130925 1200  76.40 2 1
 20130926 1200  73.60 2 1
 20130927 1200  76.80 2 1
 20130928 1200  76.00 2 1
 20130929 1200  76.80 2 1
 20130930 1200  74.40 2 1
 20131001 1200  76.40 2 1
 20131002 1200  77.50 2 1
 20131003 1200  73.60 2 1
 20131004 1200  73.60 2 1
 20131005 1200  72.00 2 1
 20131006 1200  71.20 2 1
 20131007 1200  76.80 2 1
 20131008 1200  72.00 2 1
 20131009 1200  76.80 2 1
 20131010 1200  76.80 2 1
 20131011 1200  79.50 2 1
 20131012 1200  76.00 2 1
 20131013 1200  77.10 2 1
 20131014 1200  77.10 2 1
 20131015 1200  77.50 2 1
 20131016 1200  79.50 2 1
 20131017 1200  84.30 2 1
 20131018 1200  77.50 2 1
 20131019 1200  78.30 2 1
 20131020 1200  75.60 2 1
 20131021 1200  75.20 2 1
 20131022 1200  73.60 2 1
 20131023 1200  76.00 2 1
 20131024 1200  76.00 2 1
 20131025 1200  74.80 2 1
 20131026 1200  79.50 2 1
 20131027 1200  76.80 2 1
 20131028 1200  74.00 2 1
 20131029 1200  75.60 2 1
 20131030 1200  77.10 2 1
 20131031 1200  80.70 2 1
 20131101 1200  83.90 2 1
 20131102 1200  81.50 2 1
 20131103 1200  80.30 2 1
 20131104 1200  83.10 2 1
 20131105 1200  80.70 2 1
 20131106 1200  81.50 2 1
 20131107 1200  79.90 2 1
 20131108 1200  84.30 2 1
 20131109 1200  81.90 2 1
 20131110 1200  81.10 2 1
 20131111 1200  78.30 2 1
 20131112 1200  79.50 2 1
 20131113 1200  77.50 2 1
 20131114 1200  79.50 2 1
 20131115 1200  81.90 2 1
 20131116 1200  79.10 2 1
 20131117 1200  79.90 2 1
 20131118 1200  78.70 2 1
 20131119 1200  75.20 2 1
 20131120 1200  73.20 2 1
 20131121 1200  70.80 2 1
 20131122 1200  69.20 2 1
 20131123 1200  74.40 2 1
 20131124 1200  76.40 2 1
 20131125 1200  77.90 2 1
 20131126 1200  77.10 2 1
 20131127 1200  78.70 2 1
 20131128 1200  81.50 2 1
 20131129 1200  77.10 2 1
 20131130 1200  87.10 2 1
 20131201 1200  78.70 2 1
 20131202 1200  79.10 2 1
 20131203 1200  79.50 2 1
 20131204 1200  76.00 2 1
 20131205 1200  68.40 2 1
 20131206 1200  70.80 2 1
 20131207 1200  76.40 2 1
 20131208 1200  81.10 2 1
 20131209 1200  85.50 2 1
 20131210 1200  81.50 2 1
 20131211 1200  80.30 2 1
 20131212 1200  77.90 2 1
 20131213 1200  77.10 2 1
 20131214 1200  72.80 2 1
 20131215 1200  70.80 2 1
 20131216 1200  74.80 2 1
 20131217 1200  75.20 2 1
 20131218 1200  77.90 2 1
 20131219 1200  77.10 2 1
 20131220 1200  76.40 2 1
 20131221 1200  73.20 2 1
 20131222 1200  76.00 2 1
 20131223 1200  78.30 2 1
 20131224 1200  78.30 2 1
 20131225 1200  74.40 2 1
 20131226 1200  83.50 2 1
 20131227 1200  81.10 2 1
 20131228 1200  78.30 2 1
 20131229 1200  81.50 2 1
 20131230 1200  77.50 2 1
 20131231 1200  81.50 2 1
 20140101 1200  80.30 2 1
 20140102 1200  80.70 2 1
 20140103 1200  76.80 2 1
 20140104 1200  79.10 2 1
 20140105 1200  79.90 2 1
 20140106 1200  79.90 2 1
 20140107 1200  81.50 2 1
 20140108 1200  79.90 2 1
 20140109 1200  78.30 2 1
 20140110 1200  76.00 2 1
 20140111 1200  78.30 2 1
 20140112 1200  80.70 2 1
 20140113 1200  81.90 2 1
 20140114 1200  77.10 2 1
 20140115 1200  76.40 2 1
 20140116 1200  74.40 2 1
 20140117 1200  72.00 2 1
 20140118 1200  77.90 2 1
 20140119 1200  78.30 2 1
 20140120 1200  76.00 2 1
 20140121 1200  76.80 2 1
 20140122 1200  77.90 2 1
 20140123 1200  74.80 2 1
 20140124 1200  73.20 2 1
 20140125 1200  75.20 2 1
 20140126 1200  72.80 2 1
 20140127 1200  74.80 2 1
 20140128 1200  77.90 2 1
 20140129 1200  80.30 2 1
 20140130 1200  74.80 2 1
 Time: 1200  7 May 2015 to 1200 20 Jun 2016 (index  3779 to  4189,  411 times)
 Depth (M):        -3 QUALITY SOURCE
 YYYYMMDD HHMM     RH Q S
 20150507 1200  71.70 1 5
 20150508 1200  74.40 1 5
 20150509 1200  82.80 1 5
 20150510 1200  85.80 1 5
 20150511 1200  85.50 1 5
 20150512 1200  88.10 1 5
 20150513 1200  78.20 1 5
 20150514 1200  82.70 1 5
 20150515 1200  76.50 1 5
 20150516 1200  79.00 1 5
 20150517 1200  77.20 1 5
 20150518 1200  75.60 1 5
 20150519 1200  76.40 1 5
 20150520 1200  79.30 1 5
 20150521 1200  79.70 1 5
 20150522 1200  79.90 1 5
 20150523 1200  76.70 1 5
 20150524 1200  82.00 1 5
 20150525 1200  76.60 1 5
 20150526 1200  78.40 1 5
 20150527 1200  78.70 1 5
 20150528 1200  76.00 1 5
 20150529 1200  76.40 1 5
 20150530 1200  79.10 1 5
 20150531 1200  70.90 1 5
 20150601 1200  75.50 1 5
 20150602 1200  77.60 1 5
 20150603 1200  75.00 1 5
 20150604 1200  77.80 1 5
 20150605 1200  81.70 1 5
 20150606 1200  80.70 1 5
 20150607 1200  80.70 1 5
 20150608 1200  76.80 1 5
 20150609 1200  83.10 1 5
 20150610 1200  77.20 1 5
 20150611 1200  79.40 1 5
 20150612 1200  77.40 1 5
 20150613 1200  82.70 1 5
 20150614 1200  77.10 1 5
 20150615 1200  78.10 1 5
 20150616 1200  77.20 1 5
 20150617 1200  77.30 1 5
 20150618 1200  76.50 1 5
 20150619 1200  79.30 1 5
 20150620 1200  76.80 1 5
 20150621 1200  78.40 1 5
 20150622 1200  80.90 1 5
 20150623 1200  80.40 1 5
 20150624 1200  79.50 1 5
 20150625 1200  78.10 1 5
 20150626 1200  76.50 1 5
 20150627 1200  72.50 1 5
 20150628 1200  77.60 1 5
 20150629 1200  79.90 1 5
 20150630 1200  79.20 1 5
 20150701 1200  78.60 1 5
 20150702 1200  77.70 1 5
 20150703 1200  76.00 1 5
 20150704 1200  75.60 1 5
 20150705 1200  86.20 1 5
 20150706 1200  78.50 1 5
 20150707 1200  82.30 1 5
 20150708 1200  78.40 1 5
 20150709 1200  74.70 1 5
 20150710 1200  78.00 1 5
 20150711 1200  80.90 1 5
 20150712 1200  84.80 1 5
 20150713 1200  83.90 1 5
 20150714 1200  74.80 1 5
 20150715 1200  77.80 1 5
 20150716 1200  82.40 1 5
 20150717 1200  78.10 1 5
 20150718 1200  79.80 1 5
 20150719 1200  77.80 1 5
 20150720 1200  76.30 1 5
 20150721 1200  78.80 1 5
 20150722 1200  78.70 1 5
 20150723 1200  79.80 1 5
 20150724 1200  80.90 1 5
 20150725 1200  81.00 1 5
 20150726 1200  77.80 1 5
 20150727 1200  79.20 1 5
 20150728 1200  79.80 1 5
 20150729 1200  81.40 1 5
 20150730 1200  79.10 1 5
 20150731 1200  79.50 1 5
 20150801 1200  80.20 1 5
 20150802 1200  76.70 1 5
 20150803 1200  78.80 1 5
 20150804 1200  78.90 1 5
 20150805 1200  85.20 1 5
 20150806 1200  81.90 1 5
 20150807 1200  82.80 1 5
 20150808 1200  76.70 1 5
 20150809 1200  76.80 1 5
 20150810 1200  74.00 1 5
 20150811 1200  75.80 1 5
 20150812 1200  87.20 1 5
 20150813 1200  87.90 1 5
 20150814 1200  83.00 1 5
 20150815 1200  80.80 1 5
 20150816 1200  81.50 1 5
 20150817 1200  77.70 1 5
 20150818 1200  76.30 1 5
 20150819 1200  76.70 1 5
 20150820 1200  80.50 1 5
 20150821 1200  78.40 1 5
 20150822 1200  76.10 1 5
 20150823 1200  76.80 1 5
 20150824 1200  75.00 1 5
 20150825 1200  76.80 1 5
 20150826 1200  76.20 1 5
 20150827 1200  81.10 1 5
 20150828 1200  83.40 1 5
 20150829 1200  81.10 1 5
 20150830 1200  78.50 1 5
 20150831 1200  82.80 1 5
 20150901 1200  87.60 1 5
 20150902 1200  81.70 1 5
 20150903 1200  85.00 1 5
 20150904 1200  81.00 1 5
 20150905 1200  78.60 1 5
 20150906 1200  78.70 1 5
 20150907 1200  82.20 1 5
 20150908 1200  76.40 1 5
 20150909 1200  79.20 1 5
 20150910 1200  77.30 1 5
 20150911 1200  76.80 1 5
 20150912 1200  77.00 1 5
 20150913 1200  79.80 1 5
 20150914 1200  79.90 1 5
 20150915 1200  75.90 1 5
 20150916 1200  75.20 1 5
 20150917 1200  75.90 1 5
 20150918 1200  76.00 1 5
 20150919 1200  77.60 1 5
 20150920 1200  80.70 1 5
 20150921 1200  83.90 1 5
 20150922 1200  88.40 1 5
 20150923 1200  80.60 1 5
 20150924 1200  76.30 1 5
 20150925 1200  81.20 1 5
 20150926 1200  73.90 1 5
 20150927 1200  71.40 1 5
 20150928 1200  73.20 1 5
 20150929 1200  73.30 1 5
 20150930 1200  74.90 1 5
 20151001 1200  79.80 1 5
 20151002 1200  81.70 1 5
 20151003 1200  79.60 1 5
 20151004 1200  76.80 1 5
 20151005 1200  77.70 1 5
 20151006 1200  80.70 1 5
 20151007 1200  81.50 1 5
 20151008 1200  86.50 1 5
 20151009 1200  86.50 1 5
 20151010 1200  81.50 1 5
 20151011 1200  79.60 1 5
 20151012 1200  81.70 1 5
 20151013 1200  85.20 1 5
 20151014 1200  85.10 1 5
 20151015 1200  78.30 1 5
 20151016 1200  80.30 1 5
 20151017 1200  84.90 1 5
 20151018 1200  81.70 1 5
 20151019 1200  83.40 1 5
 20151020 1200  87.70 1 5
 20151021 1200  84.10 1 5
 20151022 1200  81.00 1 5
 20151023 1200  80.10 1 5
 20151024 1200  84.90 1 5
 20151025 1200  88.90 1 5
 20151026 1200  85.10 1 5
 20151027 1200  78.40 1 5
 20151028 1200  83.50 1 5
 20151029 1200  79.20 1 5
 20151030 1200  80.30 1 5
 20151031 1200  81.80 1 5
 20151101 1200  79.60 1 5
 20151102 1200  82.60 1 5
 20151103 1200  85.70 1 5
 20151104 1200  84.50 1 5
 20151105 1200  79.40 1 5
 20151106 1200  78.40 1 5
 20151107 1200  79.20 1 5
 20151108 1200  81.00 1 5
 20151109 1200  80.70 1 5
 20151110 1200  81.70 1 5
 20151111 1200  82.30 1 5
 20151112 1200  85.40 1 5
 20151113 1200  87.60 1 5
 20151114 1200  84.80 1 5
 20151115 1200  85.30 1 5
 20151116 1200  82.60 1 5
 20151117 1200  81.80 1 5
 20151118 1200  79.80 1 5
 20151119 1200  83.00 1 5
 20151120 1200  84.70 1 5
 20151121 1200  78.90 1 5
 20151122 1200  78.10 1 5
 20151123 1200  81.40 1 5
 20151124 1200  82.00 1 5
 20151125 1200  83.40 1 5
 20151126 1200  82.40 1 5
 20151127 1200  83.70 1 5
 20151128 1200  86.20 1 5
 20151129 1200  81.50 1 5
 20151130 1200  83.60 1 5
 20151201 1200  83.40 1 5
 20151202 1200  84.80 1 5
 20151203 1200  87.00 1 5
 20151204 1200  86.00 1 5
 20151205 1200  90.50 1 5
 20151206 1200  87.10 1 5
 20151207 1200  80.80 1 5
 20151208 1200  81.80 1 5
 20151209 1200  82.50 1 5
 20151210 1200  88.10 1 5
 20151211 1200  84.80 1 5
 20151212 1200  82.50 1 5
 20151213 1200  82.20 1 5
 20151214 1200  80.10 1 5
 20151215 1200  78.70 1 5
 20151216 1200  75.80 1 5
 20151217 1200  74.70 1 5
 20151218 1200  74.80 1 5
 20151219 1200  75.30 1 5
 20151220 1200  75.70 1 5
 20151221 1200  74.30 1 5
 20151222 1200  74.10 1 5
 20151223 1200  76.10 1 5
 20151224 1200  77.60 1 5
 20151225 1200  79.70 1 5
 20151226 1200  77.90 1 5
 20151227 1200  78.20 1 5
 20151228 1200  77.30 1 5
 20151229 1200  78.60 1 5
 20151230 1200  77.70 1 5
 20151231 1200  74.60 1 5
 20160101 1200  74.20 1 5
 20160102 1200  71.70 1 5
 20160103 1200  75.70 1 5
 20160104 1200  77.20 1 5
 20160105 1200  77.10 1 5
 20160106 1200  76.00 1 5
 20160107 1200  75.00 1 5
 20160108 1200  80.80 1 5
 20160109 1200  79.50 1 5
 20160110 1200  79.00 1 5
 20160111 1200  79.20 1 5
 20160112 1200  78.70 1 5
 20160113 1200  83.50 1 5
 20160114 1200  81.50 1 5
 20160115 1200  78.90 1 5
 20160116 1200  80.20 1 5
 20160117 1200  82.40 1 5
 20160118 1200  78.90 1 5
 20160119 1200  79.40 1 5
 20160120 1200  78.80 1 5
 20160121 1200  77.20 1 5
 20160122 1200  78.10 1 5
 20160123 1200  74.70 1 5
 20160124 1200  75.80 1 5
 20160125 1200  77.80 1 5
 20160126 1200  75.60 1 5
 20160127 1200  75.00 1 5
 20160128 1200  77.70 1 5
 20160129 1200  87.00 1 5
 20160130 1200  78.60 1 5
 20160131 1200  75.90 1 5
 20160201 1200  79.50 1 5
 20160202 1200  78.50 1 5
 20160203 1200  79.60 1 5
 20160204 1200  78.60 1 5
 20160205 1200  83.00 1 5
 20160206 1200  81.80 1 5
 20160207 1200  83.10 1 5
 20160208 1200  88.40 1 5
 20160209 1200  78.50 1 5
 20160210 1200  74.70 1 5
 20160211 1200  77.10 1 5
 20160212 1200  77.70 1 5
 20160213 1200  77.10 1 5
 20160214 1200  79.50 1 5
 20160215 1200  79.60 1 5
 20160216 1200  75.70 1 5
 20160217 1200  77.50 1 5
 20160218 1200  78.70 1 5
 20160219 1200  78.10 1 5
 20160220 1200  80.60 1 5
 20160221 1200  81.50 1 5
 20160222 1200  77.70 1 5
 20160223 1200  81.80 1 5
 20160224 1200  78.50 1 5
 20160225 1200  78.40 1 5
 20160226 1200  78.00 1 5
 20160227 1200  81.00 1 5
 20160228 1200  -9.99 0 0
 20160229 1200  79.10 2 1
 20160301 1200  77.10 2 1
 20160302 1200  75.50 2 1
 20160303 1200  76.70 2 1
 20160304 1200  75.90 2 1
 20160305 1200  79.50 2 1
 20160306 1200  79.50 2 1
 20160307 1200  81.50 2 1
 20160308 1200  76.70 2 1
 20160309 1200  80.70 2 1
 20160310 1200  81.90 2 1
 20160311 1200  75.90 2 1
 20160312 1200  79.50 2 1
 20160313 1200  74.70 2 1
 20160314 1200  77.50 2 1
 20160315 1200  77.50 2 1
 20160316 1200  84.30 2 1
 20160317 1200  78.70 2 1
 20160318 1200  79.90 2 1
 20160319 1200  86.30 2 1
 20160320 1200  85.10 2 1
 20160321 1200  79.90 2 1
 20160322 1200  83.50 2 1
 20160323 1200  79.10 2 1
 20160324 1200  79.90 2 1
 20160325 1200  79.90 2 1
 20160326 1200  75.10 2 1
 20160327 1200  76.30 2 1
 20160328 1200  75.10 2 1
 20160329 1200  75.50 2 1
 20160330 1200  77.50 2 1
 20160331 1200  75.50 2 1
 20160401 1200  76.30 2 1
 20160402 1200  77.90 2 1
 20160403 1200  78.30 2 1
 20160404 1200  79.50 2 1
 20160405 1200  81.10 2 1
 20160406 1200  82.30 2 1
 20160407 1200  79.10 2 1
 20160408 1200  74.30 2 1
 20160409 1200  75.90 2 1
 20160410 1200  76.30 2 1
 20160411 1200  85.10 2 1
 20160412 1200  77.10 2 1
 20160413 1200  77.10 2 1
 20160414 1200  74.30 2 1
 20160415 1200  75.50 2 1
 20160416 1200  73.50 2 1
 20160417 1200  73.50 2 1
 20160418 1200  76.70 2 1
 20160419 1200  77.10 2 1
 20160420 1200  72.80 2 1
 20160421 1200  70.40 2 1
 20160422 1200  79.10 2 1
 20160423 1200  81.50 2 1
 20160424 1200  79.50 2 1
 20160425 1200  75.50 2 1
 20160426 1200  72.80 2 1
 20160427 1200  80.30 2 1
 20160428 1200  76.70 2 1
 20160429 1200  78.30 2 1
 20160430 1200  78.30 2 1
 20160501 1200  83.10 2 1
 20160502 1200  77.50 2 1
 20160503 1200  77.10 2 1
 20160504 1200  77.10 2 1
 20160505 1200  80.30 2 1
 20160506 1200  80.70 2 1
 20160507 1200  79.90 2 1
 20160508 1200  78.30 2 1
 20160509 1200  81.90 2 1
 20160510 1200  81.50 2 1
 20160511 1200  84.70 2 1
 20160512 1200  81.50 2 1
 20160513 1200  83.50 2 1
 20160514 1200  79.50 2 1
 20160515 1200  79.10 2 1
 20160516 1200  81.50 2 1
 20160517 1200  79.10 2 1
 20160518 1200  74.30 2 1
 20160519 1200  77.90 2 1
 20160520 1200  79.90 2 1
 20160521 1200  81.10 2 1
 20160522 1200  79.50 2 1
 20160523 1200  80.30 2 1
 20160524 1200  80.30 2 1
 20160525 1200  80.30 2 1
 20160526 1200  80.70 2 1
 20160527 1200  80.70 2 1
 20160528 1200  81.50 2 1
 20160529 1200  77.50 2 1
 20160530 1200  79.10 2 1
 20160531 1200  77.10 2 1
 20160601 1200  77.50 2 1
 20160602 1200  79.90 2 1
 20160603 1200  76.30 2 1
 20160604 1200  75.90 2 1
 20160605 1200  75.50 2 1
 20160606 1200  73.10 2 1
 20160607 1200  70.40 2 1
 20160608 1200  73.90 2 1
 20160609 1200  73.10 2 1
 20160610 1200  74.70 2 1
 20160611 1200  75.50 2 1
 20160612 1200  77.50 2 1
 20160613 1200  79.10 2 1
 20160614 1200  79.90 2 1
 20160615 1200  82.70 2 1
 20160616 1200  76.70 2 1
 20160617 1200  76.30 2 1
 20160618 1200  75.90 2 1
 20160619 1200  77.10 2 1
 20160620 1200  80.70 2 1
 Time: 1200  3 Mar 2017 to 1200  4 Sep 2018 (index  4445 to  4995,  551 times)
 Depth (M):        -3 QUALITY SOURCE
 YYYYMMDD HHMM     RH Q S
 20170303 1200  79.80 2 5
 20170304 1200  78.20 2 5
 20170305 1200  80.60 2 5
 20170306 1200  75.50 2 5
 20170307 1200  71.70 2 5
 20170308 1200  72.10 2 5
 20170309 1200  75.40 2 5
 20170310 1200  78.30 2 5
 20170311 1200  80.20 2 5
 20170312 1200  76.70 2 5
 20170313 1200  77.30 2 5
 20170314 1200  76.10 2 5
 20170315 1200  72.80 2 5
 20170316 1200  73.10 2 5
 20170317 1200  73.40 2 5
 20170318 1200  76.70 2 5
 20170319 1200  74.50 2 5
 20170320 1200  75.80 2 5
 20170321 1200  76.70 2 5
 20170322 1200  70.90 2 5
 20170323 1200  73.30 2 5
 20170324 1200  73.00 2 5
 20170325 1200  76.20 2 5
 20170326 1200  73.80 2 5
 20170327 1200  79.80 2 5
 20170328 1200  79.90 2 5
 20170329 1200  77.00 2 5
 20170330 1200  71.70 2 5
 20170331 1200  74.20 2 5
 20170401 1200  73.90 2 5
 20170402 1200  75.70 2 5
 20170403 1200  75.90 2 5
 20170404 1200  78.40 2 5
 20170405 1200  78.40 2 5
 20170406 1200  80.00 2 5
 20170407 1200  77.20 2 5
 20170408 1200  79.00 2 5
 20170409 1200  78.30 2 5
 20170410 1200  81.00 2 5
 20170411 1200  80.80 2 5
 20170412 1200  84.90 2 5
 20170413 1200  81.70 2 5
 20170414 1200  80.20 2 5
 20170415 1200  81.60 2 5
 20170416 1200  82.00 2 5
 20170417 1200  80.00 2 5
 20170418 1200  79.20 2 5
 20170419 1200  79.40 2 5
 20170420 1200  79.10 2 5
 20170421 1200  80.40 2 5
 20170422 1200  82.10 2 5
 20170423 1200  79.10 2 5
 20170424 1200  75.10 2 5
 20170425 1200  73.80 2 5
 20170426 1200  75.70 2 5
 20170427 1200  80.20 2 5
 20170428 1200  78.10 2 5
 20170429 1200  74.90 2 5
 20170430 1200  79.80 2 5
 20170501 1200  77.70 2 5
 20170502 1200  77.90 2 5
 20170503 1200  79.30 2 5
 20170504 1200  82.00 2 5
 20170505 1200  85.10 2 5
 20170506 1200  74.20 2 5
 20170507 1200  72.70 2 5
 20170508 1200  73.30 2 5
 20170509 1200  76.40 2 5
 20170510 1200  81.00 2 5
 20170511 1200  77.80 2 5
 20170512 1200  76.70 2 5
 20170513 1200  74.00 2 5
 20170514 1200  78.10 2 5
 20170515 1200  78.00 2 5
 20170516 1200  82.60 2 5
 20170517 1200  79.20 2 5
 20170518 1200  78.10 2 5
 20170519 1200  81.60 2 5
 20170520 1200  79.30 2 5
 20170521 1200  81.80 2 5
 20170522 1200  78.30 2 5
 20170523 1200  80.00 2 5
 20170524 1200  81.30 2 5
 20170525 1200  84.60 2 5
 20170526 1200  85.30 2 5
 20170527 1200  81.20 2 5
 20170528 1200  82.30 2 5
 20170529 1200  81.90 2 5
 20170530 1200  76.20 2 5
 20170531 1200  78.70 2 5
 20170601 1200  79.10 2 5
 20170602 1200  78.20 2 5
 20170603 1200  76.20 2 5
 20170604 1200  72.40 2 5
 20170605 1200  74.20 2 5
 20170606 1200  78.40 2 5
 20170607 1200  83.20 2 5
 20170608 1200  82.80 2 5
 20170609 1200  80.10 2 5
 20170610 1200  79.30 2 5
 20170611 1200  82.00 2 5
 20170612 1200  80.10 2 5
 20170613 1200  78.20 2 5
 20170614 1200  78.00 2 5
 20170615 1200  77.90 2 5
 20170616 1200  76.80 2 5
 20170617 1200  72.90 2 5
 20170618 1200  73.20 2 5
 20170619 1200  72.20 2 5
 20170620 1200  72.40 2 5
 20170621 1200  72.70 2 5
 20170622 1200  73.90 2 5
 20170623 1200  76.20 2 5
 20170624 1200  79.00 2 5
 20170625 1200  78.00 2 5
 20170626 1200  72.60 2 5
 20170627 1200  77.90 2 5
 20170628 1200  74.30 2 5
 20170629 1200  74.00 2 5
 20170630 1200  72.70 2 5
 20170701 1200  72.20 2 5
 20170702 1200  77.80 2 5
 20170703 1200  80.70 2 5
 20170704 1200  77.10 2 5
 20170705 1200  81.70 2 5
 20170706 1200  77.30 2 5
 20170707 1200  78.50 2 5
 20170708 1200  78.00 2 5
 20170709 1200  73.90 2 5
 20170710 1200  72.50 2 5
 20170711 1200  76.50 2 5
 20170712 1200  75.90 2 5
 20170713 1200  77.50 2 5
 20170714 1200  76.80 2 5
 20170715 1200  77.30 2 5
 20170716 1200  75.60 2 5
 20170717 1200  76.80 2 5
 20170718 1200  78.00 2 5
 20170719 1200  77.20 2 5
 20170720 1200  76.20 2 5
 20170721 1200  77.10 2 5
 20170722 1200  76.00 2 5
 20170723 1200  75.50 2 5
 20170724 1200  73.40 2 5
 20170725 1200  73.20 2 5
 20170726 1200  76.90 2 5
 20170727 1200  77.20 2 5
 20170728 1200  79.10 2 5
 20170729 1200  81.60 2 5
 20170730 1200  80.00 2 5
 20170731 1200  81.80 2 5
 20170801 1200  77.30 2 5
 20170802 1200  81.90 2 5
 20170803 1200  81.20 2 5
 20170804 1200  80.20 2 5
 20170805 1200  78.20 2 5
 20170806 1200  78.40 2 5
 20170807 1200  78.10 2 5
 20170808 1200  77.30 2 5
 20170809 1200  74.90 2 5
 20170810 1200  74.90 2 5
 20170811 1200  80.80 2 5
 20170812 1200  81.40 2 5
 20170813 1200  80.70 2 5
 20170814 1200  75.70 2 5
 20170815 1200  76.70 2 5
 20170816 1200  77.20 2 5
 20170817 1200  76.30 2 5
 20170818 1200  75.20 2 5
 20170819 1200  82.60 2 5
 20170820 1200  77.00 2 5
 20170821 1200  79.10 2 5
 20170822 1200  78.50 2 5
 20170823 1200  78.60 2 5
 20170824 1200  79.30 2 5
 20170825 1200  78.60 2 5
 20170826 1200  84.40 2 5
 20170827 1200  79.20 2 5
 20170828 1200  78.00 2 5
 20170829 1200  80.10 2 5
 20170830 1200  76.60 2 5
 20170831 1200  78.20 2 5
 20170901 1200  80.20 2 5
 20170902 1200  78.70 2 5
 20170903 1200  81.00 2 5
 20170904 1200  80.90 2 5
 20170905 1200  80.40 2 5
 20170906 1200  82.30 2 5
 20170907 1200  83.60 2 5
 20170908 1200  81.40 2 5
 20170909 1200  82.40 2 5
 20170910 1200  78.70 2 5
 20170911 1200  77.20 2 5
 20170912 1200  77.50 2 5
 20170913 1200  76.80 2 5
 20170914 1200  81.00 2 5
 20170915 1200  81.20 2 5
 20170916 1200  76.60 2 5
 20170917 1200  80.60 2 5
 20170918 1200  80.40 2 5
 20170919 1200  80.20 2 5
 20170920 1200  77.40 2 5
 20170921 1200  77.10 2 5
 20170922 1200  75.50 2 5
 20170923 1200  79.60 2 5
 20170924 1200  75.40 2 5
 20170925 1200  77.50 2 5
 20170926 1200  76.30 2 5
 20170927 1200  72.30 2 5
 20170928 1200  79.20 2 5
 20170929 1200  80.70 2 5
 20170930 1200  77.10 2 5
 20171001 1200  77.10 2 5
 20171002 1200  74.20 2 5
 20171003 1200  74.90 2 5
 20171004 1200  81.80 2 5
 20171005 1200  82.10 2 5
 20171006 1200  79.60 2 5
 20171007 1200  82.50 2 5
 20171008 1200  78.20 2 5
 20171009 1200  81.50 2 5
 20171010 1200  79.30 2 5
 20171011 1200  77.50 2 5
 20171012 1200  77.00 2 5
 20171013 1200  79.00 2 5
 20171014 1200  77.90 2 5
 20171015 1200  76.80 2 5
 20171016 1200  76.30 2 5
 20171017 1200  76.90 2 5
 20171018 1200  77.90 2 5
 20171019 1200  78.50 2 5
 20171020 1200  76.10 2 5
 20171021 1200  75.10 2 5
 20171022 1200  76.80 2 5
 20171023 1200  77.00 2 5
 20171024 1200  73.60 2 5
 20171025 1200  71.30 2 5
 20171026 1200  73.70 2 5
 20171027 1200  74.80 2 5
 20171028 1200  72.00 2 5
 20171029 1200  74.90 2 5
 20171030 1200  75.80 2 5
 20171031 1200  77.70 2 5
 20171101 1200  84.00 2 5
 20171102 1200  84.80 2 5
 20171103 1200  81.70 2 5
 20171104 1200  81.40 2 5
 20171105 1200  83.20 2 5
 20171106 1200  80.20 2 5
 20171107 1200  83.80 2 5
 20171108 1200  80.60 2 5
 20171109 1200  83.10 2 5
 20171110 1200  81.80 2 5
 20171111 1200  81.60 2 5
 20171112 1200  77.20 2 5
 20171113 1200  74.00 2 5
 20171114 1200  77.20 2 5
 20171115 1200  77.40 2 5
 20171116 1200  78.20 2 5
 20171117 1200  86.20 2 5
 20171118 1200  82.00 2 5
 20171119 1200  83.10 2 5
 20171120 1200  84.90 2 5
 20171121 1200  84.10 2 5
 20171122 1200  84.90 2 5
 20171123 1200  81.80 2 5
 20171124 1200  81.50 2 5
 20171125 1200  80.80 2 5
 20171126 1200  82.70 2 5
 20171127 1200  83.30 2 5
 20171128 1200  78.60 2 5
 20171129 1200  75.10 2 5
 20171130 1200  80.10 2 5
 20171201 1200  84.60 2 5
 20171202 1200  81.30 2 5
 20171203 1200  83.50 2 5
 20171204 1200  80.50 2 5
 20171205 1200  80.70 2 5
 20171206 1200  76.30 2 5
 20171207 1200  78.70 2 5
 20171208 1200  76.70 2 5
 20171209 1200  76.00 2 5
 20171210 1200  70.10 2 5
 20171211 1200  73.20 2 5
 20171212 1200  76.00 2 5
 20171213 1200  73.80 2 5
 20171214 1200  73.50 2 5
 20171215 1200  72.90 2 5
 20171216 1200  68.20 2 5
 20171217 1200  72.70 2 5
 20171218 1200  75.30 2 5
 20171219 1200  77.90 2 5
 20171220 1200  77.50 2 5
 20171221 1200  82.80 2 5
 20171222 1200  81.10 2 5
 20171223 1200  81.60 2 5
 20171224 1200  83.10 2 5
 20171225 1200  82.20 2 5
 20171226 1200  83.20 2 5
 20171227 1200  78.00 2 5
 20171228 1200  76.40 2 5
 20171229 1200  82.90 2 5
 20171230 1200  84.10 2 5
 20171231 1200  82.30 2 5
 20180101 1200  82.90 2 5
 20180102 1200  82.50 2 5
 20180103 1200  79.40 2 5
 20180104 1200  79.50 2 5
 20180105 1200  74.60 2 5
 20180106 1200  76.40 2 5
 20180107 1200  69.70 2 5
 20180108 1200  64.70 2 5
 20180109 1200  65.20 2 5
 20180110 1200  69.10 2 5
 20180111 1200  71.30 2 5
 20180112 1200  75.30 2 5
 20180113 1200  74.10 2 5
 20180114 1200  75.90 2 5
 20180115 1200  74.80 2 5
 20180116 1200  74.10 2 5
 20180117 1200  76.60 2 5
 20180118 1200  75.90 2 5
 20180119 1200  77.20 2 5
 20180120 1200  78.50 2 5
 20180121 1200  78.80 2 5
 20180122 1200  79.40 2 5
 20180123 1200  79.60 2 5
 20180124 1200  76.90 2 5
 20180125 1200  74.50 2 5
 20180126 1200  72.30 2 5
 20180127 1200  74.30 2 5
 20180128 1200  78.10 2 5
 20180129 1200  74.80 2 5
 20180130 1200  74.20 2 5
 20180131 1200  74.00 2 5
 20180201 1200  72.60 2 5
 20180202 1200  71.50 2 5
 20180203 1200  69.50 2 5
 20180204 1200  66.60 2 5
 20180205 1200  68.40 2 5
 20180206 1200  71.30 2 5
 20180207 1200  73.20 2 5
 20180208 1200  77.00 2 5
 20180209 1200  73.70 2 5
 20180210 1200  73.70 2 5
 20180211 1200  72.70 2 5
 20180212 1200  75.40 2 5
 20180213 1200  77.20 2 5
 20180214 1200  78.40 2 5
 20180215 1200  73.50 2 5
 20180216 1200  74.20 2 5
 20180217 1200  74.00 2 5
 20180218 1200  77.60 2 5
 20180219 1200  74.60 2 5
 20180220 1200  73.50 2 5
 20180221 1200  74.70 2 5
 20180222 1200  77.80 2 5
 20180223 1200  78.20 2 5
 20180224 1200  78.80 2 5
 20180225 1200  75.20 2 5
 20180226 1200  68.80 2 5
 20180227 1200  69.60 2 5
 20180228 1200  70.90 2 5
 20180301 1200  71.50 2 5
 20180302 1200  74.00 2 5
 20180303 1200  74.90 2 5
 20180304 1200  80.30 2 5
 20180305 1200  76.70 2 5
 20180306 1200  74.00 2 5
 20180307 1200  72.90 2 5
 20180308 1200  72.80 2 5
 20180309 1200  82.20 2 5
 20180310 1200  76.70 2 5
 20180311 1200  77.50 2 5
 20180312 1200  74.40 2 5
 20180313 1200  77.00 2 5
 20180314 1200  75.90 2 5
 20180315 1200  74.50 2 5
 20180316 1200  73.30 2 5
 20180317 1200  73.00 2 5
 20180318 1200  73.70 2 5
 20180319 1200  70.70 2 5
 20180320 1200  75.20 2 5
 20180321 1200  75.10 2 5
 20180322 1200  78.60 2 5
 20180323 1200  74.50 2 5
 20180324 1200  75.30 2 5
 20180325 1200  74.80 2 5
 20180326 1200  76.50 2 5
 20180327 1200  75.30 2 5
 20180328 1200  79.00 2 5
 20180329 1200  74.30 2 5
 20180330 1200  80.30 2 5
 20180331 1200  80.00 2 5
 20180401 1200  76.50 2 5
 20180402 1200  74.90 2 5
 20180403 1200  75.20 2 5
 20180404 1200  72.50 2 5
 20180405 1200  75.10 2 5
 20180406 1200  77.30 2 5
 20180407 1200  78.60 2 5
 20180408 1200  78.20 2 5
 20180409 1200  77.40 2 5
 20180410 1200  80.40 2 5
 20180411 1200  71.60 2 5
 20180412 1200  73.80 2 5
 20180413 1200  80.50 2 5
 20180414 1200  83.20 2 5
 20180415 1200  74.40 2 5
 20180416 1200  79.40 2 5
 20180417 1200  74.10 2 5
 20180418 1200  75.90 2 5
 20180419 1200  76.20 2 5
 20180420 1200  83.80 2 5
 20180421 1200  80.80 2 5
 20180422 1200  82.00 2 5
 20180423 1200  76.60 2 5
 20180424 1200  76.50 2 5
 20180425 1200  84.40 2 5
 20180426 1200  79.70 2 5
 20180427 1200  76.60 2 5
 20180428 1200  76.50 2 5
 20180429 1200  76.30 2 5
 20180430 1200  80.10 2 5
 20180501 1200  74.40 2 5
 20180502 1200  77.60 2 5
 20180503 1200  71.50 2 5
 20180504 1200  74.20 2 5
 20180505 1200  75.50 2 5
 20180506 1200  79.40 2 5
 20180507 1200  78.30 2 5
 20180508 1200  79.20 2 5
 20180509 1200  78.90 2 5
 20180510 1200  78.10 2 5
 20180511 1200  76.40 2 5
 20180512 1200  78.00 2 5
 20180513 1200  73.90 2 5
 20180514 1200  77.50 2 5
 20180515 1200  80.80 2 5
 20180516 1200  79.60 2 5
 20180517 1200  80.80 2 5
 20180518 1200  73.80 2 5
 20180519 1200  76.80 2 5
 20180520 1200  76.10 2 5
 20180521 1200  75.50 2 5
 20180522 1200  77.00 2 5
 20180523 1200  81.20 2 5
 20180524 1200  75.00 2 5
 20180525 1200  78.80 2 5
 20180526 1200  75.90 2 5
 20180527 1200  76.10 2 5
 20180528 1200  77.50 2 5
 20180529 1200  74.20 2 5
 20180530 1200  74.10 2 5
 20180531 1200  -9.99 0 0
 20180601 1200  77.30 2 1
 20180602 1200  74.40 2 1
 20180603 1200  78.90 2 1
 20180604 1200  77.30 2 1
 20180605 1200  80.20 2 1
 20180606 1200  78.10 2 1
 20180607 1200  74.00 2 1
 20180608 1200  76.90 2 1
 20180609 1200  75.60 2 1
 20180610 1200  76.10 2 1
 20180611 1200  77.30 2 1
 20180612 1200  77.70 2 1
 20180613 1200  80.20 2 1
 20180614 1200  77.70 2 1
 20180615 1200  77.30 2 1
 20180616 1200  78.90 2 1
 20180617 1200  80.60 2 1
 20180618 1200  81.00 2 1
 20180619 1200  83.90 2 1
 20180620 1200  80.60 2 1
 20180621 1200  78.50 2 1
 20180622 1200  78.90 2 1
 20180623 1200  79.80 2 1
 20180624 1200  79.80 2 1
 20180625 1200  76.50 2 1
 20180626 1200  78.90 2 1
 20180627 1200  78.10 2 1
 20180628 1200  75.20 2 1
 20180629 1200  73.20 2 1
 20180630 1200  72.30 2 1
 20180701 1200  71.50 2 1
 20180702 1200  70.30 2 1
 20180703 1200  71.50 2 1
 20180704 1200  71.90 2 1
 20180705 1200  79.80 2 1
 20180706 1200  79.40 2 1
 20180707 1200  71.50 2 1
 20180708 1200  82.30 2 1
 20180709 1200  76.50 2 1
 20180710 1200  74.00 2 1
 20180711 1200  74.00 2 1
 20180712 1200  73.20 2 1
 20180713 1200  72.70 2 1
 20180714 1200  78.50 2 1
 20180715 1200  77.30 2 1
 20180716 1200  75.20 2 1
 20180717 1200  78.50 2 1
 20180718 1200  80.60 2 1
 20180719 1200  83.10 2 1
 20180720 1200  76.10 2 1
 20180721 1200  77.70 2 1
 20180722 1200  76.10 2 1
 20180723 1200  75.20 2 1
 20180724 1200  77.30 2 1
 20180725 1200  82.30 2 1
 20180726 1200  80.60 2 1
 20180727 1200  84.30 2 1
 20180728 1200  82.70 2 1
 20180729 1200  82.70 2 1
 20180730 1200  76.90 2 1
 20180731 1200  79.40 2 1
 20180801 1200  76.90 2 1
 20180802 1200  79.40 2 1
 20180803 1200  83.90 2 1
 20180804 1200  80.60 2 1
 20180805 1200  76.90 2 1
 20180806 1200  81.40 2 1
 20180807 1200  75.60 2 1
 20180808 1200  71.10 2 1
 20180809 1200  72.70 2 1
 20180810 1200  72.30 2 1
 20180811 1200  75.20 2 1
 20180812 1200  77.70 2 1
 20180813 1200  78.50 2 1
 20180814 1200  79.40 2 1
 20180815 1200  83.10 2 1
 20180816 1200  84.70 2 1
 20180817 1200  83.50 2 1
 20180818 1200  80.60 2 1
 20180819 1200  82.70 2 1
 20180820 1200  85.60 2 1
 20180821 1200  83.50 2 1
 20180822 1200  79.40 2 1
 20180823 1200  78.10 2 1
 20180824 1200  78.90 2 1
 20180825 1200  78.50 2 1
 20180826 1200  79.40 2 1
 20180827 1200  78.90 2 1
 20180828 1200  79.80 2 1
 20180829 1200  79.40 2 1
 20180830 1200  78.90 2 1
 20180831 1200  78.10 2 1
 20180901 1200  76.90 2 1
 20180902 1200  75.60 2 1
 20180903 1200  75.20 2 1
 20180904 1200  78.10 2 1
 Time: 1200 20 Nov 2019 to 1200  7 Jun 2020 (index  5437 to  5637,  201 times)
 Depth (M):        -3 QUALITY SOURCE
 YYYYMMDD HHMM     RH Q S
 20191120 1200  82.60 2 1
 20191121 1200  81.90 2 1
 20191122 1200  84.50 2 1
 20191123 1200  83.00 2 1
 20191124 1200  84.50 2 1
 20191125 1200  81.50 2 1
 20191126 1200  84.10 2 1
 20191127 1200  83.00 2 1
 20191128 1200  84.50 2 1
 20191129 1200  85.30 2 1
 20191130 1200  86.00 2 1
 20191201 1200  86.40 2 1
 20191202 1200  85.30 2 1
 20191203 1200  86.40 2 1
 20191204 1200  84.90 2 1
 20191205 1200  81.90 2 1
 20191206 1200  83.40 2 1
 20191207 1200  83.40 2 1
 20191208 1200  81.50 2 1
 20191209 1200  79.60 2 1
 20191210 1200  81.50 2 1
 20191211 1200  77.30 2 1
 20191212 1200  81.50 2 1
 20191213 1200  81.10 2 1
 20191214 1200  84.50 2 1
 20191215 1200  86.00 2 1
 20191216 1200  80.70 2 1
 20191217 1200  82.60 2 1
 20191218 1200  75.10 2 1
 20191219 1200  75.10 2 1
 20191220 1200  77.70 2 1
 20191221 1200  77.70 2 1
 20191222 1200  81.50 2 1
 20191223 1200  78.10 2 1
 20191224 1200  77.30 2 1
 20191225 1200  80.00 2 1
 20191226 1200  81.10 2 1
 20191227 1200  88.70 2 1
 20191228 1200  79.20 2 1
 20191229 1200  88.30 2 1
 20191230 1200  78.50 2 1
 20191231 1200  77.70 2 1
 20200101 1200  82.20 2 1
 20200102 1200  78.80 2 1
 20200103 1200  75.80 2 1
 20200104 1200  77.30 2 1
 20200105 1200  77.30 2 1
 20200106 1200  76.60 2 1
 20200107 1200  78.80 2 1
 20200108 1200  82.20 2 1
 20200109 1200  80.40 2 1
 20200110 1200  79.20 2 1
 20200111 1200  78.50 2 1
 20200112 1200  78.50 2 1
 20200113 1200  83.00 2 1
 20200114 1200  84.90 2 1
 20200115 1200  82.20 2 1
 20200116 1200  78.50 2 1
 20200117 1200  77.70 2 1
 20200118 1200  76.60 2 1
 20200119 1200  76.20 2 1
 20200120 1200  78.80 2 1
 20200121 1200  76.60 2 1
 20200122 1200  80.40 2 1
 20200123 1200  76.20 2 1
 20200124 1200  78.10 2 1
 20200125 1200  77.70 2 1
 20200126 1200  83.80 2 1
 20200127 1200  82.20 2 1
 20200128 1200  73.90 2 1
 20200129 1200  75.40 2 1
 20200130 1200  74.30 2 1
 20200131 1200  75.10 2 1
 20200201 1200  83.00 2 1
 20200202 1200  79.60 2 1
 20200203 1200  84.10 2 1
 20200204 1200  78.80 2 1
 20200205 1200  75.80 2 1
 20200206 1200  74.30 2 1
 20200207 1200  77.00 2 1
 20200208 1200  80.00 2 1
 20200209 1200  77.00 2 1
 20200210 1200  75.40 2 1
 20200211 1200  78.50 2 1
 20200212 1200  78.50 2 1
 20200213 1200  73.90 2 1
 20200214 1200  73.90 2 1
 20200215 1200  75.80 2 1
 20200216 1200  77.00 2 1
 20200217 1200  77.30 2 1
 20200218 1200  77.30 2 1
 20200219 1200  76.20 2 1
 20200220 1200  73.60 2 1
 20200221 1200  73.90 2 1
 20200222 1200  75.10 2 1
 20200223 1200  79.20 2 1
 20200224 1200  78.10 2 1
 20200225 1200  77.30 2 1
 20200226 1200  80.00 2 1
 20200227 1200  77.30 2 1
 20200228 1200  78.50 2 1
 20200229 1200  78.80 2 1
 20200301 1200  82.20 2 1
 20200302 1200  81.50 2 1
 20200303 1200  75.80 2 1
 20200304 1200  74.30 2 1
 20200305 1200  74.70 2 1
 20200306 1200  74.30 2 1
 20200307 1200  74.30 2 1
 20200308 1200  72.80 2 1
 20200309 1200  69.80 2 1
 20200310 1200  70.90 2 1
 20200311 1200  69.00 2 1
 20200312 1200  71.70 2 1
 20200313 1200  72.40 2 1
 20200314 1200  70.50 2 1
 20200315 1200  73.20 2 1
 20200316 1200  78.50 2 1
 20200317 1200  80.70 2 1
 20200318 1200  72.40 2 1
 20200319 1200  72.80 2 1
 20200320 1200  75.10 2 1
 20200321 1200  81.10 2 1
 20200322 1200  78.50 2 1
 20200323 1200  76.20 2 1
 20200324 1200  71.30 2 1
 20200325 1200  70.90 2 1
 20200326 1200  69.00 2 1
 20200327 1200  70.10 2 1
 20200328 1200  70.90 2 1
 20200329 1200  69.40 2 1
 20200330 1200  71.70 2 1
 20200331 1200  74.70 2 1
 20200401 1200  75.40 2 1
 20200402 1200  70.90 2 1
 20200403 1200  64.90 2 1
 20200404 1200  68.60 2 1
 20200405 1200  80.70 2 1
 20200406 1200  75.10 2 1
 20200407 1200  77.00 2 1
 20200408 1200  80.00 2 1
 20200409 1200  79.20 2 1
 20200410 1200  73.90 2 1
 20200411 1200  72.80 2 1
 20200412 1200  71.70 2 1
 20200413 1200  74.70 2 1
 20200414 1200  70.90 2 1
 20200415 1200  77.30 2 1
 20200416 1200  80.00 2 1
 20200417 1200  73.60 2 1
 20200418 1200  71.30 2 1
 20200419 1200  75.10 2 1
 20200420 1200  77.70 2 1
 20200421 1200  74.70 2 1
 20200422 1200  78.10 2 1
 20200423 1200  79.20 2 1
 20200424 1200  78.10 2 1
 20200425 1200  77.70 2 1
 20200426 1200  75.10 2 1
 20200427 1200  79.60 2 1
 20200428 1200  78.80 2 1
 20200429 1200  78.80 2 1
 20200430 1200  81.50 2 1
 20200501 1200  79.60 2 1
 20200502 1200  80.40 2 1
 20200503 1200  77.30 2 1
 20200504 1200  80.00 2 1
 20200505 1200  81.10 2 1
 20200506 1200  81.50 2 1
 20200507 1200  82.60 2 1
 20200508 1200  78.80 2 1
 20200509 1200  78.80 2 1
 20200510 1200  78.50 2 1
 20200511 1200  80.40 2 1
 20200512 1200  81.50 2 1
 20200513 1200  83.80 2 1
 20200514 1200  80.70 2 1
 20200515 1200  88.30 2 1
 20200516 1200  85.30 2 1
 20200517 1200  79.20 2 1
 20200518 1200  84.10 2 1
 20200519 1200  81.50 2 1
 20200520 1200  80.70 2 1
 20200521 1200  80.40 2 1
 20200522 1200  79.60 2 1
 20200523 1200  80.00 2 1
 20200524 1200  79.60 2 1
 20200525 1200  77.70 2 1
 20200526 1200  76.60 2 1
 20200527 1200  79.20 2 1
 20200528 1200  78.10 2 1
 20200529 1200  78.80 2 1
 20200530 1200  77.70 2 1
 20200531 1200  79.20 2 1
 20200601 1200  81.90 2 1
 20200602 1200  78.50 2 1
 20200603 1200  76.20 2 1
 20200604 1200  76.60 2 1
 20200605 1200  75.10 2 1
 20200606 1200  73.20 2 1
 20200607 1200  75.10 2 1
