 Location:  4N  90E  16 Nov 2006 to 31 Jul 2018 ( 4276 times,  9 blocks) Gen. Date Feb 18 2025
 Units: Winds (M/S), W. Dir (DEG), -99.9 = missing, (1,1) is NE at sqrt(2) m/s
 Time: 1200 16 Nov 2006 to 1200 26 Nov 2006 (index     1 to    11,   11 times)
 Depth (M):       -4    -4    -4    -4 QUALITY and SOURCE
 YYYYMMDD HHMM  UWND  VWND  WSPD  WDIR SD SD
 20061116 1200  -2.4  -2.8   3.6 220.5 22 55
 20061117 1200  -1.3  -0.8   1.5 236.3 22 55
 20061118 1200   2.8   1.3   3.1  65.8 22 55
 20061119 1200  -0.9   2.8   3.0 341.9 22 55
 20061120 1200   1.2   0.4   1.3  72.0 22 55
 20061121 1200   4.2  -1.9   4.7 114.4 22 55
 20061122 1200   3.4  -1.9   3.9 119.4 22 55
 20061123 1200  -1.5   2.1   2.6 323.4 22 55
 20061124 1200  -0.6   1.9   2.0 343.2 22 55
 20061125 1200   1.6   0.6   1.7  68.1 22 55
 20061126 1200   0.6  -1.3   1.4 154.2 22 55
 Time: 1200  8 Oct 2007 to 1200  5 Jan 2008 (index   327 to   416,   90 times)
 Depth (M):       -4    -4    -4    -4 QUALITY and SOURCE
 YYYYMMDD HHMM  UWND  VWND  WSPD  WDIR SD SD
 20071008 1200  -0.3   2.1   2.1 352.3 22 11
 20071009 1200   0.3   3.9   3.9   4.0 22 11
 20071010 1200   0.1   3.7   3.7   1.2 22 11
 20071011 1200  -0.7   0.9   1.1 321.1 22 11
 20071012 1200   1.5  -0.6   1.6 111.2 22 11
 20071013 1200   5.0   1.8   5.3  70.3 22 11
 20071014 1200   4.7   2.0   5.1  67.4 22 11
 20071015 1200   2.9  -0.7   3.0 104.0 22 11
 20071016 1200   3.4   1.3   3.7  68.6 22 11
 20071017 1200   4.2   0.3   4.2  85.3 22 11
 20071018 1200   2.5  -3.1   4.0 141.1 22 11
 20071019 1200   4.6  -6.0   7.5 142.6 22 11
 20071020 1200   8.1  -0.7   8.2  95.0 22 11
 20071021 1200   7.8  -3.3   8.5 112.8 22 11
 20071022 1200   8.1  -0.3   8.1  92.2 22 11
 20071023 1200   5.6   4.6   7.2  50.8 22 11
 20071024 1200   3.5   4.3   5.5  38.6 22 11
 20071025 1200   4.8   4.9   6.9  44.2 22 11
 20071026 1200   6.7   5.8   8.9  49.3 22 11
 20071027 1200   7.5   5.4   9.2  54.3 22 11
 20071028 1200   5.4   4.0   6.7  53.8 22 11
 20071029 1200   5.4   0.6   5.4  83.8 22 11
 20071030 1200   3.2   0.9   3.4  74.0 22 11
 20071031 1200   3.1  -0.7   3.2 102.9 22 11
 20071101 1200   1.8   2.3   2.9  37.3 22 11
 20071102 1200   1.4   4.5   4.7  18.0 22 11
 20071103 1200   3.0   6.3   6.9  25.3 22 11
 20071104 1200   2.5   0.7   2.6  74.0 22 11
 20071105 1200   3.5  -1.1   3.7 107.4 22 11
 20071106 1200   5.4   0.4   5.4  85.9 22 11
 20071107 1200   8.1  -0.5   8.2  93.6 22 11
 20071108 1200   6.8   0.4   6.8  86.3 22 11
 20071109 1200   7.9   0.1   7.9  89.4 22 11
 20071110 1200   6.6   0.2   6.6  88.0 22 11
 20071111 1200   7.5   0.9   7.6  83.5 22 11
 20071112 1200   7.3   2.0   7.5  74.3 22 11
 20071113 1200   6.7   0.6   6.8  84.6 22 11
 20071114 1200   3.2   0.5   3.3  80.9 22 11
 20071115 1200   0.0  -0.6   0.6 178.0 22 11
 20071116 1200  -1.9  -2.7   3.4 215.6 22 11
 20071117 1200  -2.2  -1.9   2.9 228.7 22 11
 20071118 1200  -1.5   1.0   1.8 303.5 22 11
 20071119 1200  -1.5   2.6   3.0 329.7 22 11
 20071120 1200  -1.7   2.0   2.6 319.3 22 11
 20071121 1200  -2.5   3.4   4.2 322.8 22 11
 20071122 1200  -0.9   1.5   1.7 328.3 22 11
 20071123 1200   2.5  -0.9   2.7 110.6 22 11
 20071124 1200   2.1  -0.1   2.1  93.7 22 11
 20071125 1200   1.1   0.7   1.3  57.0 22 11
 20071126 1200   0.3   2.5   2.5   7.5 22 11
 20071127 1200   1.7   0.3   1.7  80.9 22 11
 20071128 1200  -0.1  -2.9   2.9 182.1 22 11
 20071129 1200  -1.4  -1.5   2.1 223.0 22 11
 20071130 1200  -2.5   0.3   2.5 277.5 22 11
 20071201 1200  -0.1  -3.3   3.3 181.6 22 11
 20071202 1200  -2.9  -6.8   7.5 203.2 22 11
 20071203 1200  -8.1  -6.4  10.3 231.6 22 11
 20071204 1200  -8.1  -5.2   9.6 237.2 22 11
 20071205 1200  -7.4  -3.8   8.3 242.7 22 11
 20071206 1200  -6.6  -4.6   8.0 235.1 22 11
 20071207 1200  -6.2  -3.6   7.2 240.0 22 11
 20071208 1200   1.3   0.9   1.6  54.3 22 11
 20071209 1200  -3.8  -0.9   3.9 256.1 22 11
 20071210 1200  -2.1   2.0   2.9 313.0 22 11
 20071211 1200  -4.7   2.2   5.2 295.6 22 11
 20071212 1200  -1.9   2.8   3.4 325.3 22 11
 20071213 1200   1.1  -2.0   2.3 151.4 22 11
 20071214 1200   3.3  -0.9   3.4 105.3 22 11
 20071215 1200  -1.5  -3.5   3.8 203.2 22 11
 20071216 1200  -1.9   2.0   2.8 316.0 22 11
 20071217 1200  -3.9   1.7   4.2 293.4 22 11
 20071218 1200  -4.2  -0.6   4.3 262.6 22 11
 20071219 1200  -2.5  -3.3   4.2 217.1 22 11
 20071220 1200  -4.0  -0.8   4.1 259.5 22 11
 20071221 1200  -2.4  -1.1   2.7 245.4 22 11
 20071222 1200  -1.7  -0.5   1.8 254.0 22 11
 20071223 1200   3.6   0.5   3.7  81.7 22 11
 20071224 1200   4.7  -2.6   5.4 119.3 22 11
 20071225 1200  -1.3  -3.5   3.7 200.4 22 11
 20071226 1200  -0.6  -4.8   4.9 187.5 22 11
 20071227 1200   1.8  -5.5   5.8 162.1 22 11
 20071228 1200   3.4  -5.5   6.4 148.3 22 11
 20071229 1200   0.4  -4.8   4.8 175.6 22 11
 20071230 1200  -0.1  -4.0   4.0 180.9 22 11
 20071231 1200  -0.3  -2.9   2.9 186.1 22 11
 20080101 1200  -1.7  -0.5   1.8 254.0 22 11
 20080102 1200  -0.9   1.5   1.7 328.3 22 11
 20080103 1200  -2.1   2.2   3.0 315.7 22 11
 20080104 1200   0.2   0.9   1.0  12.0 22 11
 20080105 1200  -0.9  -0.3   1.0 254.0 22 11
 Time: 1200  5 Jul 2010 to 1200 27 Jan 2011 (index  1328 to  1534,  207 times)
 Depth (M):       -4    -4    -4    -4 QUALITY and SOURCE
 YYYYMMDD HHMM  UWND  VWND  WSPD  WDIR SD SD
 20100705 1200  -0.5   3.0   3.1 350.4 22 11
 20100706 1200   0.7   3.3   3.4  12.0 22 11
 20100707 1200  -1.6   5.0   5.2 342.4 22 11
 20100708 1200  -2.0   5.9   6.2 341.3 22 11
 20100709 1200   0.0   5.8   5.8 360.0 22 11
 20100710 1200   2.0   6.4   6.7  17.0 22 11
 20100711 1200   2.1   2.9   3.6  36.2 22 11
 20100712 1200   1.7  -1.0   2.0 120.0 22 11
 20100713 1200   4.5  -1.4   4.7 108.0 22 11
 20100714 1200   8.1   1.5   8.2  79.7 22 11
 20100715 1200   8.9   1.1   8.9  82.9 22 11
 20100716 1200   8.0   2.5   8.4  73.0 22 11
 20100717 1200   6.8   3.8   7.8  60.8 22 11
 20100718 1200   7.4   3.0   8.0  67.8 22 11
 20100719 1200   6.2   4.0   7.4  57.3 22 11
 20100720 1200   4.7   3.8   6.0  51.1 22 11
 20100721 1200   3.2   4.3   5.4  37.0 22 11
 20100722 1200   1.4   6.4   6.6  12.0 22 11
 20100723 1200   2.3   7.6   8.0  16.9 22 11
 20100724 1200   4.5   7.1   8.4  32.4 22 11
 20100725 1200   5.2   5.1   7.3  45.2 22 11
 20100726 1200   5.5   3.2   6.3  59.8 22 11
 20100727 1200   5.6   4.0   6.9  54.8 22 11
 20100728 1200   5.9   5.5   8.1  47.0 22 11
 20100729 1200   4.2   5.5   6.9  37.2 22 11
 20100730 1200   3.2   4.7   5.7  34.5 22 11
 20100731 1200   4.5   3.5   5.7  51.5 22 11
 20100801 1200   3.8   5.1   6.4  36.7 22 11
 20100802 1200   3.5   6.5   7.4  28.7 22 11
 20100803 1200   4.7   6.1   7.7  37.8 22 11
 20100804 1200   3.6   5.5   6.6  33.1 22 11
 20100805 1200   2.8   4.9   5.7  30.0 22 11
 20100806 1200   4.6   4.5   6.5  45.5 22 11
 20100807 1200   5.6   4.4   7.1  52.1 22 11
 20100808 1200   5.7   3.4   6.6  59.1 22 11
 20100809 1200   6.4   3.6   7.4  60.7 22 11
 20100810 1200   6.4   3.8   7.5  59.4 22 11
 20100811 1200   5.6   5.3   7.7  46.1 22 11
 20100812 1200   7.5   5.6   9.4  53.3 22 11
 20100813 1200   5.8   3.8   6.9  57.0 22 11
 20100814 1200   6.9   5.6   8.9  51.1 22 11
 20100815 1200   4.8   3.8   6.1  52.2 22 11
 20100816 1200   8.1   0.9   8.1  83.8 22 11
 20100817 1200   6.3   0.8   6.4  82.6 22 11
 20100818 1200   7.9   0.5   7.9  86.6 22 11
 20100819 1200   8.9   0.7   8.9  85.5 22 11
 20100820 1200   4.5   3.1   5.5  54.9 22 11
 20100821 1200   6.0   4.4   7.4  53.9 22 11
 20100822 1200   6.2   3.4   7.1  61.4 22 11
 20100823 1200   5.2   5.3   7.4  44.1 22 11
 20100824 1200   6.1   6.0   8.5  45.8 22 11
 20100825 1200   4.1   7.1   8.2  30.1 22 11
 20100826 1200   3.2   4.5   5.5  35.7 22 11
 20100827 1200   4.1   3.5   5.4  49.0 22 11
 20100828 1200   2.2   6.0   6.4  19.8 22 11
 20100829 1200   2.2   4.5   5.0  26.6 22 11
 20100830 1200   6.1   1.8   6.4  73.5 22 11
 20100831 1200   6.3   1.4   6.5  77.4 22 11
 20100901 1200   6.7   1.4   6.9  78.0 22 11
 20100902 1200   6.4   4.2   7.6  56.8 22 11
 20100903 1200   5.7   6.9   9.0  39.4 22 11
 20100904 1200   4.7   6.3   7.9  36.9 22 11
 20100905 1200   4.7   3.2   5.7  56.0 22 11
 20100906 1200   4.5   2.6   5.2  60.5 22 11
 20100907 1200   5.2   1.2   5.3  77.1 22 11
 20100908 1200   4.3   2.0   4.8  65.8 22 11
 20100909 1200   2.1   2.7   3.5  38.2 22 11
 20100910 1200   5.1   3.2   6.0  58.0 22 11
 20100911 1200   4.3   2.0   4.8  65.8 22 11
 20100912 1200   2.4   4.9   5.5  26.4 22 11
 20100913 1200   5.4   4.4   7.0  51.1 22 11
 20100914 1200   6.1   1.4   6.3  77.0 22 11
 20100915 1200   6.1   2.2   6.5  70.1 22 11
 20100916 1200   6.1   1.8   6.4  73.5 22 11
 20100917 1200   5.4   1.0   5.5  79.6 22 11
 20100918 1200   7.5   1.4   7.6  79.0 22 11
 20100919 1200   6.7   2.6   7.2  68.6 22 11
 20100920 1200   6.4   3.4   7.3  62.1 22 11
 20100921 1200   6.1   2.8   6.7  65.2 22 11
 20100922 1200   8.0   2.1   8.3  75.6 22 11
 20100923 1200   5.9   1.2   6.1  78.5 22 11
 20100924 1200   5.6  -0.4   5.6  94.1 22 11
 20100925 1200   5.8  -1.2   5.9 101.6 22 11
 20100926 1200   3.6  -0.1   3.6  91.2 22 11
 20100927 1200   3.9  -0.7   3.9  99.9 22 11
 20100928 1200   4.5   3.1   5.5  54.9 22 11
 20100929 1200   5.6  -1.2   5.8 102.0 22 11
 20100930 1200   1.4   1.9   2.4  35.9 22 11
 20101001 1200   3.5   3.3   4.8  46.4 22 11
 20101002 1200   7.1   0.1   7.1  89.6 22 11
 20101003 1200   8.1   0.1   8.1  89.4 22 11
 20101004 1200   8.7   0.5   8.7  86.7 22 11
 20101005 1200   8.2   2.3   8.5  74.6 22 11
 20101006 1200   5.5   3.0   6.2  61.4 22 11
 20101007 1200   4.8   3.8   6.1  52.2 22 11
 20101008 1200   4.2   5.3   6.8  38.2 22 11
 20101009 1200   3.5   6.9   7.7  27.2 22 11
 20101010 1200   4.9   6.7   8.3  36.2 22 11
 20101011 1200   7.3   5.0   8.9  55.7 22 11
 20101012 1200   8.4   3.5   9.1  67.6 22 11
 20101013 1200   8.2   2.7   8.6  72.0 22 11
 20101014 1200   7.8   2.9   8.3  70.0 22 11
 20101015 1200   7.1   1.6   7.3  77.0 22 11
 20101016 1200   6.5   2.2   6.8  71.1 22 11
 20101017 1200   5.7   2.6   6.2  65.5 22 11
 20101018 1200   4.9   2.2   5.4  66.2 22 11
 20101019 1200   4.1   2.5   4.8  58.3 22 11
 20101020 1200   4.3   2.5   5.0  59.4 22 11
 20101021 1200   7.0   3.0   7.7  66.8 22 11
 20101022 1200   6.5   0.6   6.6  84.5 22 11
 20101023 1200   6.9   0.2   7.0  88.0 22 11
 20101024 1200   6.2  -0.8   6.2  97.2 22 11
 20101025 1200   4.8   0.2   4.8  88.0 22 11
 20101026 1200   4.2   0.3   4.2  85.3 22 11
 20101027 1200   4.5  -1.4   4.7 108.0 22 11
 20101028 1200   4.8   0.6   4.8  83.2 22 11
 20101029 1200   2.3   0.7   2.4  72.7 22 11
 20101030 1200   3.2   2.1   3.8  56.0 22 11
 20101031 1200   4.6   0.0   4.6  90.5 22 11
 20101101 1200   5.4   0.2   5.4  88.0 22 11
 20101102 1200   8.0  -2.3   8.3 106.0 22 11
 20101103 1200   6.7  -4.1   7.8 121.7 22 11
 20101104 1200   9.5   0.1   9.5  89.2 22 11
 20101105 1200   9.2   3.1   9.7  71.4 22 11
 20101106 1200   6.0   4.0   7.2  56.5 22 11
 20101107 1200   4.1   3.0   5.0  54.3 22 11
 20101108 1200   3.8   0.9   3.9  76.1 22 11
 20101109 1200   2.9  -1.3   3.2 114.6 22 11
 20101110 1200   7.1   1.8   7.3  75.5 22 11
 20101111 1200   9.0  -2.1   9.2 102.9 22 11
 20101112 1200   4.6  -0.4   4.7  95.4 22 11
 20101113 1200   2.7  -0.1   2.7  92.4 22 11
 20101114 1200   4.4   1.4   4.6  72.7 22 11
 20101115 1200   3.6   0.1   3.6  88.0 22 11
 20101116 1200   1.5  -0.4   1.6 104.0 22 11
 20101117 1200  -0.3  -2.1   2.1 189.3 22 11
 20101118 1200   1.3  -0.8   1.6 121.7 22 11
 20101119 1200   0.3  -0.7   0.8 159.6 22 11
 20101120 1200   0.2   1.1   1.1   9.3 22 11
 20101121 1200   2.1  -0.8   2.2 109.8 22 11
 20101122 1200   5.6   0.8   5.6  81.9 22 11
 20101123 1200   6.2  -0.6   6.2  95.3 22 11
 20101124 1200   5.1   2.2   5.6  67.0 22 11
 20101125 1200   5.0   0.2   5.0  88.0 22 11
 20101126 1200   6.2  -1.0   6.3  99.0 22 11
 20101127 1200   8.0  -2.3   8.3 106.0 22 11
 20101128 1200   0.3  -0.7   0.8 159.6 22 11
 20101129 1200  -2.6  -2.1   3.3 230.4 22 11
 20101130 1200  -3.7   0.9   3.8 283.5 22 11
 20101201 1200   1.7  -2.2   2.8 142.0 22 11
 20101202 1200   3.9  -3.7   5.4 133.0 22 11
 20101203 1200   3.1   2.3   3.9  53.5 22 11
 20101204 1200   2.2   4.5   5.0  26.6 22 11
 20101205 1200   6.8   5.0   8.4  53.6 22 11
 20101206 1200   6.1   1.8   6.4  73.5 22 11
 20101207 1200   3.8   0.1   3.8  88.0 22 11
 20101208 1200   1.1  -1.0   1.5 133.0 22 11
 20101209 1200   1.8   1.3   2.2  54.3 22 11
 20101210 1200   3.8   1.5   4.1  67.8 22 11
 20101211 1200   4.8  -0.2   4.8  92.8 22 11
 20101212 1200   5.6   0.0   5.6  90.0 22 11
 20101213 1200   2.5  -1.6   3.0 121.7 22 11
 20101214 1200  -0.3  -2.7   2.7 186.8 22 11
 20101215 1200   0.1  -3.2   3.3 178.0 22 11
 20101216 1200   0.1  -2.5   2.5 178.0 22 11
 20101217 1200  -0.6  -2.1   2.2 194.7 22 11
 20101218 1200  -1.8  -1.1   2.1 238.9 22 11
 20101219 1200  -0.8  -0.9   1.2 223.0 22 11
 20101220 1200  -1.7   0.8   1.9 294.6 22 11
 20101221 1200  -1.4  -2.5   2.9 208.3 22 11
 20101222 1200  -1.5  -0.3   1.5 259.9 22 11
 20101223 1200  -1.3   2.2   2.6 329.4 22 11
 20101224 1200   0.1   2.9   2.9   2.1 22 11
 20101225 1200  -0.5   1.1   1.2 336.2 22 11
 20101226 1200   1.1   0.5   1.2  66.2 22 11
 20101227 1200  -1.9   1.2   2.2 301.7 22 11
 20101228 1200  -1.7   2.0   2.6 319.3 22 11
 20101229 1200  -2.3   1.2   2.6 296.6 22 11
 20101230 1200   0.5  -1.1   1.2 156.2 22 11
 20101231 1200   0.5  -3.4   3.5 171.3 22 11
 20110101 1200   0.1  -1.7   1.7 178.0 22 11
 20110102 1200  -1.7   2.0   2.6 319.3 22 11
 20110103 1200  -2.5   1.4   2.9 298.3 22 11
 20110104 1200  -1.1   3.6   3.8 342.5 22 11
 20110105 1200  -0.9   3.8   3.9 346.1 22 11
 20110106 1200   1.9   7.0   7.3  15.4 22 11
 20110107 1200   2.2   5.8   6.2  20.5 22 11
 20110108 1200   0.4   4.6   4.7   5.4 22 11
 20110109 1200   2.8   5.3   6.0  28.0 22 11
 20110110 1200   3.7   3.5   5.1  46.2 22 11
 20110111 1200   4.5   2.4   5.1  62.4 22 11
 20110112 1200   4.5  -1.2   4.6 105.7 22 11
 20110113 1200   0.5  -2.7   2.7 169.2 22 11
 20110114 1200  -0.9  -0.3   0.9 254.0 22 11
 20110115 1200  -0.5  -0.3   0.6 241.4 22 11
 20110116 1200   0.5   0.3   0.6  61.4 22 11
 20110117 1200  -0.2  -1.3   1.3 187.5 22 11
 20110118 1200  -1.9  -2.9   3.5 213.5 22 11
 20110119 1200  -3.4  -4.3   5.5 218.6 22 11
 20110120 1200  -0.8  -4.8   4.9 189.8 22 11
 20110121 1200  -3.3  -3.5   4.8 223.0 22 11
 20110122 1200  -4.4  -5.7   7.2 217.4 22 11
 20110123 1200  -4.2  -4.1   5.9 225.7 22 11
 20110124 1200  -5.1  -2.6   5.7 243.2 22 11
 20110125 1200  -4.2  -1.1   4.3 254.6 22 11
 20110126 1200  -3.8  -0.7   3.9 259.0 22 11
 20110127 1200  -0.5   1.3   1.4 339.6 22 11
 Time: 1200  6 Jun 2011 to 1200 28 Oct 2011 (index  1664 to  1808,  145 times)
 Depth (M):       -4    -4    -4    -4 QUALITY and SOURCE
 YYYYMMDD HHMM  UWND  VWND  WSPD  WDIR SD SD
 20110606 1200   4.9   4.5   6.6  47.8 22 11
 20110607 1200   4.5   4.7   6.5  44.2 22 11
 20110608 1200   4.5   5.4   7.0  39.6 22 11
 20110609 1200   3.7   5.8   6.9  32.6 22 11
 20110610 1200   3.4   5.0   6.0  33.8 22 11
 20110611 1200   2.6   5.2   5.8  26.3 22 11
 20110612 1200   1.9   5.9   6.2  18.1 22 11
 20110613 1200   3.1   6.2   6.9  26.7 22 11
 20110614 1200   5.0   5.8   7.7  41.0 22 11
 20110615 1200   5.7   4.5   7.2  51.8 22 11
 20110616 1200   6.7   3.1   7.4  64.8 22 11
 20110617 1200   6.1   3.1   6.9  62.9 22 11
 20110618 1200   5.3   3.9   6.6  53.8 22 11
 20110619 1200   4.3   5.2   6.8  39.5 22 11
 20110620 1200   4.0   4.1   5.7  44.4 22 11
 20110621 1200   4.9   4.7   6.8  46.5 22 11
 20110622 1200   5.9   4.7   7.5  51.4 22 11
 20110623 1200   5.1   4.1   6.5  51.5 22 11
 20110624 1200   6.1   4.3   7.4  54.7 22 11
 20110625 1200   7.8   4.1   8.8  62.0 22 11
 20110626 1200   6.1   3.3   7.0  61.4 22 11
 20110627 1200   6.8   3.9   7.9  60.2 22 11
 20110628 1200   6.5   2.6   7.0  68.6 22 11
 20110629 1200   3.9   1.1   4.1  74.0 22 11
 20110630 1200   3.5   3.1   4.6  48.2 22 11
 20110701 1200   4.2   4.3   6.0  44.3 22 11
 20110702 1200   4.2   3.9   5.7  47.2 22 11
 20110703 1200   4.2   3.9   5.7  47.2 22 11
 20110704 1200   1.0   5.0   5.1  11.5 22 11
 20110705 1200   0.0   6.2   6.2 359.8 22 11
 20110706 1200   0.0   5.9   5.9 359.9 22 11
 20110707 1200  -0.6   5.5   5.5 353.9 22 11
 20110708 1200  -0.4   5.5   5.5 355.9 22 11
 20110709 1200   6.1   2.8   6.7  65.9 22 11
 20110710 1200   9.1   1.1   9.1  83.1 22 11
 20110711 1200   9.0   2.4   9.3  74.8 22 11
 20110712 1200   8.2   3.6   8.9  66.4 22 11
 20110713 1200   6.6   5.1   8.3  52.5 22 11
 20110714 1200   7.3   3.2   7.9  66.5 22 11
 20110715 1200   5.5   3.5   6.5  57.6 22 11
 20110716 1200   2.2   4.6   5.1  25.6 22 11
 20110717 1200  -1.5   3.9   4.2 338.7 22 11
 20110718 1200  -1.4   4.7   4.9 344.0 22 11
 20110719 1200  -0.8   6.6   6.7 353.0 22 11
 20110720 1200   2.1   5.6   6.0  21.2 22 11
 20110721 1200   1.3   6.5   6.6  11.6 22 11
 20110722 1200   1.8   5.7   6.0  17.0 22 11
 20110723 1200   1.9   6.5   6.8  16.4 22 11
 20110724 1200   0.5   7.4   7.4   4.0 22 11
 20110725 1200   1.7   7.1   7.3  13.5 22 11
 20110726 1200   4.1   5.8   7.1  35.2 22 11
 20110727 1200   4.9   4.5   6.6  47.8 22 11
 20110728 1200   3.5   5.6   6.6  32.2 22 11
 20110729 1200   1.9   6.9   7.1  15.4 22 11
 20110730 1200   1.0   5.5   5.6  10.1 22 11
 20110731 1200   3.0   3.3   4.5  43.0 22 11
 20110801 1200   2.8   5.2   5.9  28.0 22 11
 20110802 1200   3.1   6.0   6.7  27.5 22 11
 20110803 1200   0.7   4.0   4.1   9.3 22 11
 20110804 1200  -0.5   2.8   2.9 349.9 22 11
 20110805 1200  -0.1   3.0   3.0 358.0 22 11
 20110806 1200   1.9   3.3   3.8  30.0 22 11
 20110807 1200   3.3   5.8   6.7  29.8 22 11
 20110808 1200   1.8   5.2   5.5  19.0 22 11
 20110809 1200   0.0   5.1   5.1   0.2 22 11
 20110810 1200   1.6   4.2   4.5  21.2 22 11
 20110811 1200   2.7   3.5   4.4  37.5 22 11
 20110812 1200   4.7   4.3   6.4  48.0 22 11
 20110813 1200   4.7   5.0   6.9  43.0 22 11
 20110814 1200   2.5   2.1   3.3  50.4 22 11
 20110815 1200   4.4   3.9   5.8  48.4 22 11
 20110816 1200   1.2   5.2   5.3  13.1 22 11
 20110817 1200  -0.2   4.9   4.9 358.0 22 11
 20110818 1200   3.1   5.0   5.9  32.2 22 11
 20110819 1200   3.1   5.6   6.4  29.3 22 11
 20110820 1200   0.8   4.6   4.7  10.3 22 11
 20110821 1200   1.0   5.0   5.1  11.5 22 11
 20110822 1200   0.2   4.4   4.4   3.2 22 11
 20110823 1200   1.8   5.7   6.0  17.0 22 11
 20110824 1200   1.1   4.0   4.2  14.7 22 11
 20110825 1200  -0.5   3.8   3.8 352.0 22 11
 20110826 1200   1.3   3.3   3.5  21.6 22 11
 20110827 1200   2.2   4.6   5.1  25.6 22 11
 20110828 1200   3.9   5.8   7.0  33.9 22 11
 20110829 1200   2.2   4.4   4.9  26.6 22 11
 20110830 1200  -0.4   5.3   5.3 355.9 22 11
 20110831 1200  -1.6   5.4   5.7 344.0 22 11
 20110901 1200  -0.6   5.3   5.3 353.8 22 11
 20110902 1200  -1.0   5.5   5.5 349.9 22 11
 20110903 1200  -0.7   3.6   3.6 348.5 22 11
 20110904 1200  -2.3   3.3   4.0 325.1 22 11
 20110905 1200  -2.1   3.9   4.4 331.4 22 11
 20110906 1200   3.4   3.9   5.2  41.5 22 11
 20110907 1200   0.4   4.4   4.4   5.8 22 11
 20110908 1200   0.5   3.6   3.6   7.5 22 11
 20110909 1200   5.0   3.3   6.0  56.4 22 11
 20110910 1200   7.4   3.5   8.2  64.5 22 11
 20110911 1200   5.8   5.8   8.2  44.9 22 11
 20110912 1200   2.2   7.6   8.0  16.4 22 11
 20110913 1200   3.5   5.6   6.6  32.2 22 11
 20110914 1200   4.1   5.0   6.5  39.4 22 11
 20110915 1200   1.2   5.0   5.1  13.6 22 11
 20110916 1200   0.6   4.8   4.8   7.5 22 11
 20110917 1200   2.0   4.0   4.5  26.8 22 11
 20110918 1200   2.2   4.2   4.8  27.7 22 11
 20110919 1200   3.0   3.3   4.5  43.0 22 11
 20110920 1200   3.4   4.0   5.3  40.0 22 11
 20110921 1200   2.8   4.6   5.4  31.1 22 11
 20110922 1200   0.6   6.3   6.3   5.1 22 11
 20110923 1200   0.0   5.3   5.3   0.1 22 11
 20110924 1200  -0.3   3.6   3.6 354.8 22 11
 20110925 1200   0.5   3.0   3.1   9.3 22 11
 20110926 1200   3.2   3.3   4.6  44.7 22 11
 20110927 1200   5.5   4.7   7.2  49.6 22 11
 20110928 1200   5.8   4.9   7.6  50.2 22 11
 20110929 1200   6.4   5.5   8.4  49.5 22 11
 20110930 1200   4.8   7.0   8.4  34.6 22 11
 20111001 1200   4.5   4.8   6.6  43.0 22 11
 20111002 1200   3.9   5.2   6.5  36.9 22 11
 20111003 1200   4.0   4.6   6.1  40.4 22 11
 20111004 1200   5.8   2.4   6.2  67.9 22 11
 20111005 1200   5.5   1.2   5.6  77.9 22 11
 20111006 1200   5.3   0.2   5.3  88.0 22 11
 20111007 1200   6.6   0.6   6.6  84.6 22 11
 20111008 1200   6.2   2.0   6.5  72.3 22 11
 20111009 1200   6.2   2.4   6.6  69.0 22 11
 20111010 1200   5.0   2.3   5.5  65.1 22 11
 20111011 1200   4.8   2.3   5.4  64.2 22 11
 20111012 1200   2.6   3.9   4.7  34.4 22 11
 20111013 1200   0.9   3.6   3.7  13.5 22 11
 20111014 1200   0.3   3.8   3.8   4.0 22 11
 20111015 1200  -1.3   1.2   1.8 313.0 22 11
 20111016 1200  -0.7  -0.5   0.9 234.3 22 11
 20111017 1200   0.5   0.5   0.7  43.0 22 11
 20111018 1200   0.3  -2.1   2.1 172.3 22 11
 20111019 1200  -1.3  -3.3   3.5 201.6 22 11
 20111020 1200   0.7  -1.7   1.8 157.4 22 11
 20111021 1200  -1.1   0.0   1.1 268.0 22 11
 20111022 1200  -0.9   2.4   2.6 339.6 22 11
 20111023 1200   0.2   0.8   0.8  16.4 22 11
 20111024 1200   0.6   1.5   1.6  21.2 22 11
 20111025 1200   2.9  -0.3   2.9  96.1 22 11
 20111026 1200  -0.1  -2.7   2.7 182.4 22 11
 20111027 1200  -3.0  -0.3   3.0 264.2 22 11
 20111028 1200  -1.3   1.2   1.8 313.0 22 11
 Time: 1200  1 Dec 2014 to 1200 24 Jan 2015 (index  2938 to  2992,   55 times)
 Depth (M):       -4    -4    -4    -4 QUALITY and SOURCE
 YYYYMMDD HHMM  UWND  VWND  WSPD  WDIR SD SD
 20141201 1200   0.4   0.7   0.8  28.6 22 55
 20141202 1200   4.1   0.9   4.2  76.8 22 55
 20141203 1200  -0.5  -1.1   1.2 205.4 22 55
 20141204 1200  -2.6   2.3   3.5 312.5 22 55
 20141205 1200  -2.7   3.7   4.6 323.6 22 55
 20141206 1200  -2.2   5.1   5.6 336.4 22 55
 20141207 1200   0.1   2.1   2.1   3.4 22 55
 20141208 1200  -1.6  -0.1   1.6 267.3 22 55
 20141209 1200  -1.4  -1.8   2.3 216.2 22 55
 20141210 1200  -0.6  -1.5   1.6 202.9 22 55
 20141211 1200  -2.4  -1.9   3.0 231.7 22 55
 20141212 1200  -4.6  -3.9   6.1 229.5 22 55
 20141213 1200  -3.4  -2.1   4.0 238.1 22 55
 20141214 1200  -3.5  -0.7   3.5 258.3 22 55
 20141215 1200  -1.1   0.8   1.4 307.1 22 55
 20141216 1200  -1.9  -1.1   2.2 239.7 22 55
 20141217 1200  -3.1  -1.3   3.3 247.7 22 55
 20141218 1200  -4.1   0.5   4.1 276.9 22 55
 20141219 1200  -1.6   1.8   2.4 317.6 22 55
 20141220 1200   5.6   0.2   5.6  87.6 22 55
 20141221 1200   0.4   0.2   0.5  60.5 22 55
 20141222 1200  -1.5  -0.1   1.5 268.1 22 55
 20141223 1200  -4.8  -2.2   5.3 245.0 22 55
 20141224 1200  -1.5   1.1   1.9 306.1 22 55
 20141225 1200   2.5  -0.4   2.5  98.7 22 55
 20141226 1200   2.4   0.8   2.5  70.7 22 55
 20141227 1200   1.6   2.8   3.2  30.3 22 55
 20141228 1200   1.7   2.9   3.4  30.4 22 55
 20141229 1200  -1.7   2.0   2.6 319.7 22 55
 20141230 1200   1.9   2.8   3.4  34.4 22 55
 20141231 1200   1.3   2.4   2.8  28.7 22 55
 20150101 1200   0.8   2.9   3.0  15.3 22 55
 20150102 1200   0.9  -0.4   1.0 114.6 22 55
 20150103 1200  -0.2  -1.3   1.3 189.7 22 55
 20150104 1200  -0.2  -1.4   1.4 187.2 22 55
 20150105 1200   0.1  -2.0   2.0 178.1 22 55
 20150106 1200  -0.2   0.2   0.3 321.0 22 55
 20150107 1200  -0.9  -2.9   3.0 197.5 22 55
 20150108 1200  -1.8  -3.6   4.0 206.3 22 55
 20150109 1200   0.5  -1.6   1.7 161.9 22 55
 20150110 1200   0.9  -5.2   5.3 170.6 22 55
 20150111 1200  -0.6  -4.7   4.7 186.9 22 55
 20150112 1200  -0.4  -5.5   5.5 184.1 22 55
 20150113 1200   0.1  -4.1   4.1 178.8 22 55
 20150114 1200  -0.1  -1.4   1.4 184.2 22 55
 20150115 1200  -0.3  -0.9   0.9 196.4 22 55
 20150116 1200  -0.8  -1.4   1.6 208.2 22 55
 20150117 1200  -0.7  -2.8   2.9 194.0 22 55
 20150118 1200  -2.9  -2.8   4.0 226.6 22 55
 20150119 1200  -5.8  -3.3   6.7 240.5 22 55
 20150120 1200  -4.4  -3.8   5.8 229.3 22 55
 20150121 1200  -5.6  -2.9   6.3 242.2 22 55
 20150122 1200  -5.9  -2.8   6.6 244.4 22 55
 20150123 1200  -2.9  -2.0   3.6 235.2 22 55
 20150124 1200  -5.9  -4.0   7.1 235.5 22 55
 Time: 1200 10 May 2015 to 1200 25 Nov 2015 (index  3098 to  3297,  200 times)
 Depth (M):       -4    -4    -4    -4 QUALITY and SOURCE
 YYYYMMDD HHMM  UWND  VWND  WSPD  WDIR SD SD
 20150510 1200   0.8   4.5   4.6   9.6 22 55
 20150511 1200   2.5   2.8   3.7  41.5 22 55
 20150512 1200   4.0   4.4   6.0  41.7 22 55
 20150513 1200   4.2   3.5   5.5  49.9 22 55
 20150514 1200  -0.8   1.8   2.0 335.5 22 55
 20150515 1200   0.5   4.9   4.9   5.8 22 55
 20150516 1200   1.9   6.2   6.5  16.6 22 55
 20150517 1200   1.9   3.8   4.2  26.3 22 55
 20150518 1200   1.1   2.7   2.9  21.1 22 55
 20150519 1200   2.3   4.0   4.6  30.6 22 55
 20150520 1200   3.8   4.7   6.0  39.2 22 55
 20150521 1200   2.5   4.8   5.4  27.8 22 55
 20150522 1200   0.9   4.0   4.1  12.6 22 55
 20150523 1200   1.4   2.1   2.6  33.0 22 55
 20150524 1200   4.7   2.9   5.5  57.8 22 55
 20150525 1200   3.6   3.7   5.2  44.8 22 55
 20150526 1200   3.4   4.8   5.8  35.5 22 55
 20150527 1200   3.5   3.5   4.9  44.7 22 55
 20150528 1200   1.8   4.6   4.9  21.1 22 55
 20150529 1200   1.7   4.8   5.1  19.6 22 55
 20150530 1200   1.3   2.2   2.6  30.0 22 55
 20150531 1200   2.1   1.7   2.7  51.9 22 55
 20150601 1200   2.4   1.6   2.9  57.5 22 55
 20150602 1200  -1.2   0.0   1.2 270.6 22 55
 20150603 1200  -2.1   1.2   2.4 298.9 22 55
 20150604 1200  -2.6   1.3   2.9 296.4 22 55
 20150605 1200   0.4  -2.1   2.1 169.9 22 55
 20150606 1200   1.8  -0.9   2.0 116.7 22 55
 20150607 1200   4.5   1.9   4.9  66.6 22 55
 20150608 1200   1.7   0.3   1.7  80.1 22 55
 20150609 1200   3.8  -0.5   3.9  97.7 22 55
 20150610 1200   4.6   0.6   4.7  83.0 22 55
 20150611 1200   3.9   1.6   4.2  68.0 22 55
 20150612 1200   3.3  -0.2   3.3  93.0 22 55
 20150613 1200   3.0  -0.3   3.0  96.6 22 55
 20150614 1200   4.1   2.3   4.7  60.8 22 55
 20150615 1200   4.6   3.6   5.9  51.9 22 55
 20150616 1200   4.4   3.7   5.8  49.9 22 55
 20150617 1200   5.0   4.7   6.9  46.8 22 55
 20150618 1200   2.5   5.9   6.4  23.0 22 55
 20150619 1200   1.8   6.4   6.6  15.7 22 55
 20150620 1200   1.9   7.0   7.2  15.2 22 55
 20150621 1200   1.1   6.4   6.5   9.6 22 55
 20150622 1200  -0.1   6.3   6.3 359.1 22 55
 20150623 1200   0.1   6.3   6.3   0.8 22 55
 20150624 1200   0.9   5.5   5.6   9.3 22 55
 20150625 1200   2.2   4.8   5.3  24.8 22 55
 20150626 1200   2.9   4.5   5.4  32.2 22 55
 20150627 1200   3.2   4.5   5.5  35.5 22 55
 20150628 1200   0.9   4.5   4.6  11.1 22 55
 20150629 1200   3.2   1.2   3.4  68.7 22 55
 20150630 1200   2.0   2.9   3.6  35.0 22 55
 20150701 1200   2.9   3.2   4.3  42.0 22 55
 20150702 1200   1.9   2.3   3.0  39.9 22 55
 20150703 1200   3.6   4.4   5.7  39.3 22 55
 20150704 1200   4.8   4.7   6.7  45.4 22 55
 20150705 1200   5.5   6.2   8.3  41.5 22 55
 20150706 1200   5.2   7.0   8.7  36.9 22 55
 20150707 1200   6.6   6.3   9.1  46.0 22 55
 20150708 1200   6.2   6.0   8.6  46.3 22 55
 20150709 1200   5.7   5.0   7.6  48.7 22 55
 20150710 1200   6.2   4.2   7.5  55.8 22 55
 20150711 1200   7.3   2.8   7.9  68.8 22 55
 20150712 1200   8.1   2.4   8.5  73.9 22 55
 20150713 1200   8.5   2.7   8.9  72.3 22 55
 20150714 1200   8.8   6.6  11.0  52.9 22 55
 20150715 1200   6.2   5.1   8.1  50.6 22 55
 20150716 1200   6.4   6.9   9.4  42.8 22 55
 20150717 1200   6.4   3.2   7.2  63.4 22 55
 20150718 1200   7.5   2.0   7.7  74.6 22 55
 20150719 1200   6.0   2.2   6.4  70.0 22 55
 20150720 1200   5.4   3.5   6.4  56.6 22 55
 20150721 1200   2.5   5.4   5.9  24.6 22 55
 20150722 1200   0.4   6.5   6.5   3.9 22 55
 20150723 1200   0.4   3.2   3.3   7.0 22 55
 20150724 1200   1.8   0.5   1.9  73.3 22 55
 20150725 1200   3.4   3.7   5.0  42.5 22 55
 20150726 1200   3.4   3.8   5.0  42.0 22 55
 20150727 1200   0.9   3.0   3.1  17.5 22 55
 20150728 1200   1.3   1.0   1.7  51.6 22 55
 20150729 1200   3.4   3.3   4.7  45.2 22 55
 20150730 1200   1.1   2.1   2.4  28.3 22 55
 20150731 1200   2.5   2.4   3.5  46.7 22 55
 20150801 1200   3.4   2.7   4.3  52.0 22 55
 20150802 1200   5.1   4.6   6.9  48.2 22 55
 20150803 1200   4.2   6.0   7.3  35.1 22 55
 20150804 1200   3.1   6.5   7.2  25.6 22 55
 20150805 1200   4.2   4.7   6.3  41.9 22 55
 20150806 1200   6.4   4.5   7.8  55.2 22 55
 20150807 1200   5.8   4.8   7.5  50.1 22 55
 20150808 1200   3.3   5.1   6.0  32.6 22 55
 20150809 1200   5.1   3.9   6.5  52.3 22 55
 20150810 1200   6.2   6.6   9.0  43.0 22 55
 20150811 1200   2.0   3.7   4.2  28.5 22 55
 20150812 1200   3.1   3.5   4.7  41.2 22 55
 20150813 1200   6.2   2.6   6.7  67.2 22 55
 20150814 1200   2.6   4.3   5.0  31.2 22 55
 20150815 1200   3.0   2.5   3.9  49.9 22 55
 20150816 1200   1.7   2.4   3.0  36.0 22 55
 20150817 1200   0.9   5.2   5.3   9.5 22 55
 20150818 1200   0.4   4.3   4.3   5.2 22 55
 20150819 1200   1.1   1.9   2.1  30.6 22 55
 20150820 1200   3.1   3.1   4.4  44.6 22 55
 20150821 1200   1.6   3.7   4.1  23.5 22 55
 20150822 1200   1.5   4.9   5.1  16.8 22 55
 20150823 1200   3.2   4.7   5.6  34.1 22 55
 20150824 1200   4.3   2.9   5.2  56.7 22 55
 20150825 1200   4.0   4.6   6.2  41.1 22 55
 20150826 1200   1.9   5.6   5.9  18.4 22 55
 20150827 1200   0.5   3.9   3.9   7.4 22 55
 20150828 1200   1.0   1.3   1.6  38.6 22 55
 20150829 1200   1.0   2.5   2.7  22.2 22 55
 20150830 1200   1.8   3.6   4.0  26.5 22 55
 20150831 1200   2.1   0.7   2.2  71.1 22 55
 20150901 1200   0.8   4.2   4.3  11.2 22 55
 20150902 1200   0.3   4.3   4.3   4.7 22 55
 20150903 1200   2.4   4.9   5.4  26.1 22 55
 20150904 1200   0.6   2.2   2.2  16.0 22 55
 20150905 1200  -0.7   1.1   1.3 327.4 22 55
 20150906 1200  -1.9   3.9   4.3 333.7 22 55
 20150907 1200   2.4   2.5   3.4  44.0 22 55
 20150908 1200   2.9   3.1   4.2  42.9 22 55
 20150909 1200   1.2   5.1   5.3  13.4 22 55
 20150910 1200  -1.4   5.9   6.1 346.2 22 55
 20150911 1200  -0.6   5.4   5.4 354.1 22 55
 20150912 1200   0.7   5.3   5.4   7.5 22 55
 20150913 1200   1.3   6.5   6.6  11.5 22 55
 20150914 1200   3.2   6.4   7.2  26.9 22 55
 20150915 1200   3.2   5.8   6.7  28.6 22 55
 20150916 1200   4.1   5.3   6.7  37.9 22 55
 20150917 1200   2.1   8.0   8.3  14.5 22 55
 20150918 1200   0.0   7.3   7.3 359.7 22 55
 20150919 1200  -0.2   3.6   3.6 356.2 22 55
 20150920 1200  -0.4   2.3   2.4 349.9 22 55
 20150921 1200   2.6   3.0   3.9  41.3 22 55
 20150922 1200   2.1   4.3   4.8  26.2 22 55
 20150923 1200   1.2   4.8   4.9  14.5 22 55
 20150924 1200   3.1   4.5   5.4  34.7 22 55
 20150925 1200   1.6   3.5   3.8  25.4 22 55
 20150926 1200   2.8   5.0   5.8  29.3 22 55
 20150927 1200   1.3   6.2   6.3  12.2 22 55
 20150928 1200   1.5   4.9   5.2  16.4 22 55
 20150929 1200  -0.4   3.9   3.9 354.4 22 55
 20150930 1200  -0.1  -1.1   1.1 186.8 22 55
 20151001 1200  -2.1  -0.2   2.1 265.7 22 55
 20151002 1200  -1.9   0.8   2.0 293.0 22 55
 20151003 1200  -0.1   1.9   1.9 355.5 22 55
 20151004 1200   1.9   4.4   4.8  23.1 22 55
 20151005 1200   2.2   4.7   5.2  25.3 22 55
 20151006 1200   2.0   3.7   4.2  29.1 22 55
 20151007 1200  -0.9   2.1   2.3 336.1 22 55
 20151008 1200  -0.1   3.8   3.8 358.0 22 55
 20151009 1200  -0.3   2.2   2.2 352.8 22 55
 20151010 1200  -0.5   2.0   2.0 347.0 22 55
 20151011 1200  -0.2   1.5   1.5 353.4 22 55
 20151012 1200  -0.2   0.9   1.0 348.8 22 55
 20151013 1200  -0.3   0.5   0.6 328.8 22 55
 20151014 1200   0.1  -1.5   1.5 176.6 22 55
 20151015 1200  -0.3  -1.4   1.5 191.6 22 55
 20151016 1200   0.1   0.4   0.4  12.6 22 55
 20151017 1200  -0.7   0.9   1.2 324.1 22 55
 20151018 1200  -0.7   1.1   1.3 326.8 22 55
 20151019 1200   1.5   0.6   1.6  67.9 22 55
 20151020 1200   1.8   0.8   1.9  65.0 22 55
 20151021 1200   2.1   2.2   3.0  44.0 22 55
 20151022 1200   1.4   0.8   1.6  57.9 22 55
 20151023 1200   0.5   3.2   3.3   9.4 22 55
 20151024 1200   0.3   1.4   1.5  10.8 22 55
 20151025 1200   2.6   2.5   3.7  46.0 22 55
 20151026 1200   1.6   1.1   1.9  55.6 22 55
 20151027 1200   2.3   2.5   3.5  42.5 22 55
 20151028 1200  -0.9   4.5   4.6 349.1 22 55
 20151029 1200  -2.4   3.7   4.4 327.2 22 55
 20151030 1200  -2.3  -0.7   2.4 253.2 22 55
 20151031 1200  -1.3  -0.2   1.4 263.2 22 55
 20151101 1200   0.3   0.9   0.9  20.5 22 55
 20151102 1200   1.3   0.0   1.3  91.9 22 55
 20151103 1200   3.0   1.9   3.5  58.2 22 55
 20151104 1200   4.4   4.5   6.3  44.6 22 55
 20151105 1200   5.5   4.7   7.2  49.1 22 55
 20151106 1200   4.6   4.1   6.1  48.3 22 55
 20151107 1200  -0.1   3.8   3.9 358.5 22 55
 20151108 1200  -2.4   0.9   2.6 289.5 22 55
 20151109 1200   2.4  -1.8   3.1 127.0 22 55
 20151110 1200   3.0  -2.7   4.0 131.1 22 55
 20151111 1200   7.0  -0.5   7.0  94.3 22 55
 20151112 1200   2.6  -3.2   4.2 141.3 22 55
 20151113 1200   0.3   2.8   2.8   7.3 22 55
 20151114 1200   2.5   4.7   5.3  28.4 22 55
 20151115 1200   3.0   4.8   5.6  31.9 22 55
 20151116 1200   0.7  -0.3   0.8 114.1 22 55
 20151117 1200  -0.6  -2.1   2.2 196.2 22 55
 20151118 1200  -2.4  -1.4   2.8 240.1 22 55
 20151119 1200  -0.9   1.7   1.9 332.1 22 55
 20151120 1200   1.9   4.5   4.9  22.6 22 55
 20151121 1200   1.3   0.7   1.4  62.8 22 55
 20151122 1200  -1.3  -4.3   4.5 196.4 22 55
 20151123 1200  -2.9  -3.3   4.4 220.7 22 55
 20151124 1200  -1.6  -2.9   3.3 208.9 22 55
 20151125 1200  -0.8  -2.2   2.3 199.0 22 55
 Time: 1200  9 Mar 2016 to 1200  6 Apr 2016 (index  3402 to  3430,   29 times)
 Depth (M):       -4    -4    -4    -4 QUALITY and SOURCE
 YYYYMMDD HHMM  UWND  VWND  WSPD  WDIR SD SD
 20160309 1200  -0.3  -2.8   2.8 185.8 22 55
 20160310 1200  -2.1  -0.2   2.2 263.4 22 55
 20160311 1200  -4.5   1.1   4.6 284.1 22 55
 20160312 1200  -2.2   2.1   3.0 312.8 22 55
 20160313 1200  -1.8   0.8   2.0 293.9 22 55
 20160314 1200   0.8  -1.1   1.4 146.5 22 55
 20160315 1200  -0.1  -3.4   3.4 181.2 22 55
 20160316 1200  -1.5  -3.8   4.1 201.9 22 55
 20160317 1200  -3.8  -1.8   4.2 245.0 22 55
 20160318 1200  -4.2  -1.8   4.6 246.4 22 55
 20160319 1200  -1.9  -3.8   4.2 207.2 22 55
 20160320 1200  -1.2  -3.5   3.7 199.7 22 55
 20160321 1200  -1.2  -1.1   1.6 225.4 22 55
 20160322 1200  -2.0  -0.8   2.1 248.1 22 55
 20160323 1200  -0.2  -1.6   1.7 187.8 22 55
 20160324 1200  -0.9  -2.7   2.8 198.9 22 55
 20160325 1200  -2.7  -1.6   3.2 238.9 22 55
 20160326 1200  -3.5   0.0   3.5 269.8 22 55
 20160327 1200  -2.1   1.7   2.7 309.0 22 55
 20160328 1200  -2.4   0.5   2.5 282.2 22 55
 20160329 1200  -2.8  -0.4   2.8 262.2 22 55
 20160330 1200  -1.2  -1.2   1.7 223.8 22 55
 20160331 1200  -0.7  -1.0   1.2 216.0 22 55
 20160401 1200  -1.6  -1.3   2.0 230.1 22 55
 20160402 1200  -2.9  -1.1   3.0 249.6 22 55
 20160403 1200  -2.5  -0.3   2.5 262.3 22 55
 20160404 1200  -0.1  -1.1   1.1 186.8 22 55
 20160405 1200   1.4  -1.8   2.2 141.5 22 55
 20160406 1200   0.7  -4.2   4.2 171.0 22 55
 Time: 1200  5 Mar 2017 to 1200 22 Mar 2017 (index  3763 to  3780,   18 times)
 Depth (M):       -4    -4    -4    -4 QUALITY and SOURCE
 YYYYMMDD HHMM  UWND  VWND  WSPD  WDIR SD SD
 20170305 1200   2.8  -3.8   4.7 143.6 22 11
 20170306 1200  -2.4  -0.3   2.5 262.8 22 11
 20170307 1200  -3.0  -0.8   3.1 255.9 22 11
 20170308 1200  -2.8  -1.0   2.9 250.9 22 11
 20170309 1200  -3.0   1.0   3.2 287.6 22 11
 20170310 1200   0.2   1.5   1.5   7.5 22 11
 20170311 1200   2.8   0.8   2.9  75.0 22 11
 20170312 1200   1.6  -2.5   3.0 147.7 22 11
 20170313 1200  -0.7  -4.4   4.4 188.8 22 11
 20170314 1200  -1.9  -3.8   4.3 207.1 22 11
 20170315 1200  -1.1  -3.8   4.0 196.4 22 11
 20170316 1200   1.0  -3.2   3.3 163.1 22 11
 20170317 1200  -0.1  -2.5   2.5 183.2 22 11
 20170318 1200  -0.9  -1.5   1.7 211.7 22 11
 20170319 1200   0.1  -2.5   2.5 178.0 22 11
 20170320 1200   2.3  -0.4   2.3  99.3 22 11
 20170321 1200   2.4  -3.5   4.2 145.1 22 11
 20170322 1200  -0.3  -4.4   4.4 183.4 22 11
 Time: 1200  4 Jun 2018 to 1200 31 Jul 2018 (index  4219 to  4276,   58 times)
 Depth (M):       -4    -4    -4    -4 QUALITY and SOURCE
 YYYYMMDD HHMM  UWND  VWND  WSPD  WDIR SD SD
 20180604 1200   5.8   4.6   7.4  51.8 22 11
 20180605 1200   2.6   5.7   6.2  24.6 22 11
 20180606 1200   4.5   5.9   7.5  37.6 22 11
 20180607 1200   6.7   6.0   9.0  48.4 22 11
 20180608 1200   7.1   6.0   9.3  49.9 22 11
 20180609 1200   5.8   4.6   7.4  51.8 22 11
 20180610 1200   3.8   5.3   6.5  35.6 22 11
 20180611 1200   3.0   6.1   6.8  26.1 22 11
 20180612 1200   2.0   6.2   6.5  17.5 22 11
 20180613 1200   2.6   5.5   6.1  25.4 22 11
 20180614 1200   3.2   4.9   5.9  33.3 22 11
 20180615 1200   4.8   4.2   6.4  49.3 22 11
 20180616 1200   6.1   1.2   6.2  78.8 22 11
 20180617 1200   8.2   2.9   8.7  70.8 22 11
 20180618 1200   6.8   3.4   7.6  63.4 22 11
 20180619 1200   4.8   4.2   6.4  49.3 22 11
 20180620 1200   3.5   3.3   4.8  46.4 22 11
 20180621 1200   3.8   1.9   4.2  62.6 22 11
 20180622 1200   4.6   1.8   4.9  68.8 22 11
 20180623 1200   3.5   3.3   4.8  46.4 22 11
 20180624 1200   5.0   3.8   6.3  53.3 22 11
 20180625 1200   5.9   2.8   6.5  64.6 22 11
 20180626 1200   6.2   3.8   7.3  58.6 22 11
 20180627 1200   5.7   3.0   6.4  62.2 22 11
 20180628 1200   3.0   2.5   3.9  49.3 22 11
 20180629 1200   4.3   2.8   5.1  57.4 22 11
 20180630 1200   3.3   3.7   5.0  41.4 22 11
 20180701 1200   1.5   3.1   3.5  26.1 22 11
 20180702 1200   3.5   4.3   5.5  38.6 22 11
 20180703 1200   3.9   3.5   5.3  47.6 22 11
 20180704 1200   4.6   4.3   6.3  46.8 22 11
 20180705 1200   5.0   4.9   7.0  45.3 22 11
 20180706 1200   4.2   3.9   5.8  47.2 22 11
 20180707 1200   4.7   2.6   5.4  61.4 22 11
 20180708 1200   9.0   2.5   9.3  74.5 22 11
 20180709 1200   7.9   4.6   9.2  59.8 22 11
 20180710 1200   6.6   2.8   7.2  67.1 22 11
 20180711 1200   5.8   3.2   6.7  61.4 22 11
 20180712 1200   5.2   3.8   6.5  54.3 22 11
 20180713 1200   6.6   4.0   7.7  58.8 22 11
 20180714 1200   5.3   6.3   8.2  40.1 22 11
 20180715 1200   1.7   7.0   7.2  13.9 22 11
 20180716 1200   2.8   4.9   5.7  30.0 22 11
 20180717 1200   6.2   4.2   7.5  56.0 22 11
 20180718 1200   6.4   3.8   7.4  59.4 22 11
 20180719 1200   8.3   3.6   9.1  66.4 22 11
 20180720 1200   6.0   5.0   7.8  50.2 22 11
 20180721 1200   6.2   5.2   8.0  50.0 22 11
 20180722 1200   4.8   5.3   7.2  41.9 22 11
 20180723 1200   4.1   6.5   7.7  32.5 22 11
 20180724 1200   4.9   6.5   8.1  37.1 22 11
 20180725 1200   6.1   5.5   8.3  47.8 22 11
 20180726 1200   6.7   5.4   8.6  51.4 22 11
 20180727 1200   7.9   4.8   9.3  58.7 22 11
 20180728 1200   6.1   5.3   8.1  48.9 22 11
 20180729 1200   5.5   6.3   8.4  41.1 22 11
 20180730 1200   4.3   6.7   8.0  32.9 22 11
 20180731 1200   4.0   5.7   6.9  34.9 22 11
