 Location:  8N  90E  15 Nov 2006 to 21 Feb 2020 ( 4847 times, 12 blocks) Gen. Date Feb 18 2025
 Units: Precipitation (MM/HR), -9.99 = missing
 Time: 1200 15 Nov 2006 to 1200 24 Feb 2007 (index     1 to   102,  102 times)
 Depth (M):     -4.0  -4.0  -4.0 QUALITY and SOURCE
 YYYYMMDD HHMM  Prec StDev %Time Q S
 20061115 1200  0.36  1.40  6.00 2 5
 20061116 1200  1.80  6.88 11.00 2 5
 20061117 1200  0.32  1.22  7.00 2 5
 20061118 1200  0.16  0.65  6.00 2 5
 20061119 1200  0.31  1.63  5.00 2 5
 20061120 1200  0.58  4.60  3.00 2 5
 20061121 1200  0.60  4.16  6.00 2 5
 20061122 1200  0.20  1.87  2.00 2 5
 20061123 1200 -0.01  0.09  0.00 2 5
 20061124 1200  0.21  1.31  3.00 2 5
 20061125 1200  0.20  1.73  2.00 2 5
 20061126 1200  0.41  2.78  5.00 2 5
 20061127 1200  0.18  1.88  3.00 2 5
 20061128 1200 -0.01  0.04  0.00 2 5
 20061129 1200 -0.01  0.04  0.00 2 5
 20061130 1200  0.42  2.98  4.00 2 5
 20061201 1200  0.59  3.00  5.00 2 5
 20061202 1200 -0.01  0.08  0.00 2 5
 20061203 1200 -0.02  0.02  0.00 2 5
 20061204 1200  0.00  0.14  1.00 2 5
 20061205 1200  0.09  0.81  1.00 2 5
 20061206 1200  0.00  0.08  0.00 2 5
 20061207 1200 -0.01  0.03  0.00 2 5
 20061208 1200  0.05  0.27  2.00 2 5
 20061209 1200 -0.01  0.02  0.00 2 5
 20061210 1200  0.00  0.08  0.00 2 5
 20061211 1200  0.03  0.54  1.00 2 5
 20061212 1200  0.03  0.26  2.00 2 5
 20061213 1200  0.62  2.79  8.00 2 5
 20061214 1200  0.02  0.28  1.00 2 5
 20061215 1200  0.23  1.48  3.00 2 5
 20061216 1200  0.06  0.70  1.00 2 5
 20061217 1200  0.56  2.19 11.00 2 5
 20061218 1200  0.26  2.47  3.00 2 5
 20061219 1200 -0.02  0.01  0.00 2 5
 20061220 1200 -0.02  0.02  0.00 2 5
 20061221 1200  0.33  3.05  2.00 2 5
 20061222 1200 -0.02  0.05  0.00 2 5
 20061223 1200 -0.02  0.02  0.00 2 5
 20061224 1200 -0.02  0.02  0.00 2 5
 20061225 1200 -0.03  0.02  0.00 2 5
 20061226 1200 -0.02  0.01  0.00 2 5
 20061227 1200 -0.02  0.02  0.00 2 5
 20061228 1200 -0.02  0.01  0.00 2 5
 20061229 1200 -0.02  0.02  0.00 2 5
 20061230 1200 -0.02  0.02  0.00 2 5
 20061231 1200 -0.02  0.04  0.00 2 5
 20070101 1200 -0.01  0.04  0.00 2 5
 20070102 1200 -0.02  0.01  0.00 2 5
 20070103 1200 -0.02  0.01  0.00 2 5
 20070104 1200 -0.02  0.02  0.00 2 5
 20070105 1200  0.01  0.38  1.00 2 5
 20070106 1200 -0.02  0.01  0.00 2 5
 20070107 1200  5.04 10.60 44.00 2 5
 20070108 1200  1.32  6.47  8.00 2 5
 20070109 1200  0.00  0.10  1.00 2 5
 20070110 1200 -0.01  0.03  0.00 2 5
 20070111 1200 -0.02  0.01  0.00 2 5
 20070112 1200 -0.02  0.02  0.00 2 5
 20070113 1200 -0.01  0.02  0.00 2 5
 20070114 1200 -0.01  0.03  0.00 2 5
 20070115 1200 -0.01  0.03  0.00 2 5
 20070116 1200 -0.01  0.04  0.00 2 5
 20070117 1200 -0.01  0.02  0.00 2 5
 20070118 1200 -0.01  0.03  0.00 2 5
 20070119 1200 -0.01  0.01  0.00 2 5
 20070120 1200 -0.01  0.03  0.00 2 5
 20070121 1200 -0.01  0.02  0.00 2 5
 20070122 1200 -0.01  0.01  0.00 2 5
 20070123 1200 -0.01  0.03  0.00 2 5
 20070124 1200 -0.01  0.04  0.00 2 5
 20070125 1200  1.72  4.95 20.00 2 5
 20070126 1200  0.07  0.70  1.00 2 5
 20070127 1200 -0.01  0.01  0.00 2 5
 20070128 1200 -0.01  0.02  0.00 2 5
 20070129 1200 -0.01  0.01  0.00 2 5
 20070130 1200 -0.01  0.01  0.00 2 5
 20070131 1200 -0.01  0.01  0.00 2 5
 20070201 1200 -0.01  0.05  0.00 2 5
 20070202 1200  0.01  0.17  1.00 2 5
 20070203 1200 -0.01  0.01  0.00 2 5
 20070204 1200 -0.01  0.02  0.00 2 5
 20070205 1200 -0.01  0.05  0.00 2 5
 20070206 1200 -0.01  0.02  0.00 2 5
 20070207 1200 -0.01  0.03  0.00 2 5
 20070208 1200  0.70  4.02  6.00 2 5
 20070209 1200  0.14  1.09  2.00 2 5
 20070210 1200 -0.01  0.04  0.00 2 5
 20070211 1200 -0.01  0.03  0.00 2 5
 20070212 1200 -0.01  0.02  0.00 2 5
 20070213 1200  0.00  0.05  0.00 2 5
 20070214 1200  0.00  0.02  0.00 2 5
 20070215 1200 -0.01  0.01  0.00 2 5
 20070216 1200  0.00 13.96  4.00 2 1
 20070217 1200 -0.01  0.01  0.00 2 5
 20070218 1200 -0.01  0.04  0.00 2 5
 20070219 1200 -0.02  0.02  0.00 2 5
 20070220 1200 -0.02  0.02  0.00 2 5
 20070221 1200 -0.01  0.03  0.00 2 5
 20070222 1200 -0.01  0.01  0.00 2 5
 20070223 1200 -0.01  0.02  0.00 2 5
 20070224 1200  0.20 18.06  2.00 2 1
 Time: 1200 18 Apr 2007 to 1200 29 Nov 2007 (index   155 to   380,  226 times)
 Depth (M):     -4.0  -4.0  -4.0 QUALITY and SOURCE
 YYYYMMDD HHMM  Prec StDev %Time Q S
 20070418 1200  0.00  0.03  0.00 2 5
 20070419 1200  0.00  0.03  0.00 2 5
 20070420 1200  0.00  0.12  0.00 2 5
 20070421 1200  0.00  0.07  0.00 2 5
 20070422 1200  0.06  0.36  2.00 2 5
 20070423 1200  0.00  0.02  0.00 2 5
 20070424 1200  0.00  0.04  0.00 2 5
 20070425 1200  0.47  2.54  5.00 2 5
 20070426 1200  1.06  9.01  4.00 2 5
 20070427 1200  1.44  4.00 15.00 2 5
 20070428 1200  0.13  0.73  2.00 2 5
 20070429 1200  0.00  0.06  0.00 2 5
 20070430 1200  0.00  0.02  0.00 2 5
 20070501 1200 -0.01  0.02  0.00 2 5
 20070502 1200 -0.01  0.01  0.00 2 5
 20070503 1200 -0.01  0.01  0.00 2 5
 20070504 1200 -0.01  0.01  0.00 2 5
 20070505 1200 -0.01  0.02  0.00 2 5
 20070506 1200  0.12  0.48  6.00 2 5
 20070507 1200 -0.01  0.08  0.00 2 5
 20070508 1200  0.07  0.69  1.00 2 5
 20070509 1200 -0.01  0.05  0.00 2 5
 20070510 1200 -0.02  0.07  0.00 2 5
 20070511 1200 -0.02  0.04  0.00 2 5
 20070512 1200 -0.01  0.08  0.00 2 5
 20070513 1200  0.05  0.40  3.00 2 5
 20070514 1200  0.00  0.18  1.00 2 5
 20070515 1200  0.06  0.49  2.00 2 5
 20070516 1200  0.62  3.31  8.00 2 5
 20070517 1200 -0.01  0.04  0.00 2 5
 20070518 1200  0.06  0.43  2.00 2 5
 20070519 1200 -0.01  0.02  0.00 2 5
 20070520 1200 -0.01  0.01  0.00 2 5
 20070521 1200  0.01  0.10  1.00 2 5
 20070522 1200  0.12  0.89  2.00 2 5
 20070523 1200  0.00  0.01  0.00 2 5
 20070524 1200  0.00  0.02  0.00 2 5
 20070525 1200  0.00  0.02  0.00 2 5
 20070526 1200  0.02  0.27  1.00 2 5
 20070527 1200  0.00  0.02  0.00 2 5
 20070528 1200  0.06  0.46  2.00 2 5
 20070529 1200  0.03  0.20  1.00 2 5
 20070530 1200  0.42  3.81  3.00 2 5
 20070531 1200 -0.01  0.01  0.00 2 5
 20070601 1200 -0.01  0.01  0.00 2 5
 20070602 1200  0.42  1.90  6.00 2 5
 20070603 1200 -0.01  0.02  0.00 2 5
 20070604 1200 -0.01  0.02  0.00 2 5
 20070605 1200 -0.02  0.02  0.00 2 5
 20070606 1200  0.59  2.90  8.00 2 5
 20070607 1200  0.19  0.90  4.00 2 5
 20070608 1200  0.05  0.20  1.00 2 5
 20070609 1200  0.01  0.19  1.00 2 5
 20070610 1200  0.04  0.44  1.00 2 5
 20070611 1200 -0.01  0.01  0.00 2 5
 20070612 1200  0.00  0.05  0.00 2 5
 20070613 1200  0.83  4.19  8.00 2 5
 20070614 1200  0.10  0.75  2.00 2 5
 20070615 1200  0.05  0.38  2.00 2 5
 20070616 1200  1.00  4.61 11.00 2 5
 20070617 1200  1.76  5.34 17.00 2 5
 20070618 1200  0.30  1.08 10.00 2 5
 20070619 1200  1.53  3.45 38.00 2 5
 20070620 1200  1.12  3.86 17.00 2 5
 20070621 1200  0.00  0.16  1.00 2 5
 20070622 1200  0.09  0.67  3.00 2 5
 20070623 1200  0.00  0.01  0.00 2 5
 20070624 1200  0.00  0.01  0.00 2 5
 20070625 1200  0.16  1.02  4.00 2 5
 20070626 1200  1.36  2.65 28.00 2 5
 20070627 1200  0.08  0.71  3.00 2 5
 20070628 1200  0.00  0.06  0.00 2 5
 20070629 1200  0.00  0.02  0.00 2 5
 20070630 1200 -0.01  0.02  0.00 2 5
 20070701 1200  0.00  0.01  0.00 2 5
 20070702 1200  0.00  0.01  0.00 2 5
 20070703 1200  0.04  0.48  1.00 2 5
 20070704 1200  0.19  2.09  1.00 2 5
 20070705 1200 -0.01  0.02  0.00 2 5
 20070706 1200 -0.01  0.03  0.00 2 5
 20070707 1200 -0.01  0.02  0.00 2 5
 20070708 1200 -0.01  0.01  0.00 2 5
 20070709 1200 -0.01  0.02  0.00 2 5
 20070710 1200  0.03  0.34  1.00 2 5
 20070711 1200 -0.01  0.02  0.00 2 5
 20070712 1200 -0.01  0.06  0.00 2 5
 20070713 1200  0.11  1.08  1.00 2 5
 20070714 1200 -0.02  0.06  0.00 2 5
 20070715 1200 -0.01  0.04  0.00 2 5
 20070716 1200 -0.01  0.02  0.00 2 5
 20070717 1200  0.02  0.23  1.00 2 5
 20070718 1200  0.00  0.08  0.00 2 5
 20070719 1200  0.79  3.69  8.00 2 5
 20070720 1200  0.02  0.21  2.00 2 5
 20070721 1200 -0.02  0.07  0.00 2 5
 20070722 1200 -0.01  0.15  1.00 2 5
 20070723 1200  0.30  1.34  7.00 2 5
 20070724 1200  0.44  1.93  7.00 2 5
 20070725 1200  0.67  3.80  6.00 2 5
 20070726 1200  0.00  0.03  0.00 2 5
 20070727 1200 -0.01  0.02  0.00 2 5
 20070728 1200 -0.01  0.01  0.00 2 5
 20070729 1200  0.16  1.18  2.00 2 5
 20070730 1200  0.16  0.78  4.00 2 5
 20070731 1200  0.02  0.27  1.00 2 5
 20070801 1200  0.00  0.01  0.00 2 5
 20070802 1200 -0.01  0.01  0.00 2 5
 20070803 1200 -0.01  0.01  0.00 2 5
 20070804 1200 -0.02  0.03  0.00 2 5
 20070805 1200 -0.01  0.02  0.00 2 5
 20070806 1200 -0.01  0.01  0.00 2 5
 20070807 1200 -0.01  0.01  0.00 2 5
 20070808 1200 -0.01  0.02  0.00 2 5
 20070809 1200 -0.01  0.01  0.00 2 5
 20070810 1200 -0.01  0.01  0.00 2 5
 20070811 1200  0.00  0.07  0.00 2 5
 20070812 1200  0.00  0.02  0.00 2 5
 20070813 1200 -0.01  0.01  0.00 2 5
 20070814 1200  0.00  0.03  0.00 2 5
 20070815 1200  0.00  0.02  0.00 2 5
 20070816 1200  0.00  0.02  0.00 2 5
 20070817 1200  0.29  1.54  6.00 2 5
 20070818 1200  0.00  0.05  0.00 2 5
 20070819 1200 -0.01  0.04  0.00 2 5
 20070820 1200 -0.01  0.04  0.00 2 5
 20070821 1200  0.11  0.63  4.00 2 5
 20070822 1200  0.16  0.86  3.00 2 5
 20070823 1200  0.08  0.82  1.00 2 5
 20070824 1200  1.30  5.59 12.00 2 5
 20070825 1200  0.21  1.29  4.00 2 5
 20070826 1200 -0.01  0.01  0.00 2 5
 20070827 1200 -0.01  0.01  0.00 2 5
 20070828 1200  2.04  7.51 13.00 2 5
 20070829 1200  0.12  1.06  3.00 2 5
 20070830 1200  0.01  0.14  1.00 2 5
 20070831 1200  0.33  1.07 13.00 2 5
 20070901 1200  0.00  0.07  0.00 2 5
 20070902 1200 -0.02  0.03  0.00 2 5
 20070903 1200 -0.01  0.03  0.00 2 5
 20070904 1200 -0.01  0.02  0.00 2 5
 20070905 1200 -0.01  0.02  0.00 2 5
 20070906 1200 -0.01  0.02  0.00 2 5
 20070907 1200  0.61  2.32 10.00 2 5
 20070908 1200 -0.03  0.63  8.00 2 5
 20070909 1200 -0.04  0.39  2.00 2 5
 20070910 1200  0.00  0.02  0.00 2 5
 20070911 1200  0.01  0.09  0.00 2 5
 20070912 1200  0.65  3.12  8.00 2 5
 20070913 1200  4.85 11.36 42.00 2 5
 20070914 1200  0.34  1.91  6.00 2 5
 20070915 1200  0.51  1.70 12.00 2 5
 20070916 1200  0.03  0.27  1.00 2 5
 20070917 1200  0.01  0.11  0.00 2 5
 20070918 1200  0.00  0.01  0.00 2 5
 20070919 1200 -0.01  0.02  0.00 2 5
 20070920 1200  0.00  0.02  0.00 2 5
 20070921 1200  0.00  0.01  0.00 2 5
 20070922 1200 -0.01  0.07  0.00 2 5
 20070923 1200  0.04  0.44  1.00 2 5
 20070924 1200  0.00  0.01  0.00 2 5
 20070925 1200  0.00  0.01  0.00 2 5
 20070926 1200  1.66  5.30 19.00 2 5
 20070927 1200  0.88  3.20 16.00 2 5
 20070928 1200  0.47  1.67  9.00 2 5
 20070929 1200 -0.01  0.03  0.00 2 5
 20070930 1200  0.06  0.59  3.00 2 5
 20071001 1200 -0.02  0.16  0.00 2 5
 20071002 1200  0.08  0.62  3.00 2 5
 20071003 1200  0.78  4.64 10.00 2 5
 20071004 1200 -0.01  0.01  0.00 2 5
 20071005 1200  0.04  0.46  1.00 2 5
 20071006 1200  0.05  0.32  3.00 2 5
 20071007 1200  0.03  0.25  3.00 2 5
 20071008 1200 -0.01  0.02  0.00 2 5
 20071009 1200 -9.99 -9.99 -9.99 0 0
 20071010 1200 -0.01  0.03  0.00 2 5
 20071011 1200  0.00  0.02  0.00 2 5
 20071012 1200  0.01  0.10  0.00 2 5
 20071013 1200  0.29  1.96  4.00 2 5
 20071014 1200  0.14  0.70  4.00 2 5
 20071015 1200  0.01  0.06  0.00 2 5
 20071016 1200  0.00  0.04  0.00 2 5
 20071017 1200  0.03  0.24  1.00 2 5
 20071018 1200  0.32  2.90  2.00 2 5
 20071019 1200  0.39  1.51  8.00 2 5
 20071020 1200  0.07  0.75  1.00 2 5
 20071021 1200  2.07  8.52 13.00 2 5
 20071022 1200  0.06  0.65  1.00 2 5
 20071023 1200  0.13  0.81  4.00 2 5
 20071024 1200 -0.01  0.18  0.00 2 5
 20071025 1200  0.19  0.59  7.00 2 5
 20071026 1200  0.14  0.81  5.00 2 5
 20071027 1200  0.69  3.81  7.00 2 5
 20071028 1200  0.76  2.26 19.00 2 5
 20071029 1200  0.51  1.84 11.00 2 5
 20071030 1200  1.89  5.47 17.00 2 5
 20071031 1200  0.38  2.14  4.00 2 5
 20071101 1200  0.00  0.16  0.00 2 5
 20071102 1200  0.23  1.48  4.00 2 5
 20071103 1200 -0.01  0.05  0.00 2 5
 20071104 1200  0.08  0.37  2.00 2 5
 20071105 1200  0.00  0.01  0.00 2 5
 20071106 1200  0.12  0.58  4.00 2 5
 20071107 1200  0.46  2.99  6.00 2 5
 20071108 1200  0.00  0.03  0.00 2 5
 20071109 1200  0.02  0.14  1.00 2 5
 20071110 1200  0.06  0.44  2.00 2 5
 20071111 1200  0.01  0.21  1.00 2 5
 20071112 1200 -0.03  0.28  0.00 2 5
 20071113 1200  0.05  0.43  2.00 2 5
 20071114 1200  0.11  0.82  3.00 2 5
 20071115 1200  0.00  0.02  0.00 2 5
 20071116 1200 -0.01  0.02  0.00 2 5
 20071117 1200  0.01  0.22  1.00 2 5
 20071118 1200 -0.02  0.09  0.00 2 5
 20071119 1200  0.11  1.08  1.00 2 5
 20071120 1200  0.21  1.20  4.00 2 5
 20071121 1200  0.02  0.11  0.00 2 5
 20071122 1200 -0.02  0.03  0.00 2 5
 20071123 1200  0.02  0.24  1.00 2 5
 20071124 1200  0.04  0.37  2.00 2 5
 20071125 1200 -0.02  0.12  0.00 2 5
 20071126 1200 -0.01  0.06  0.00 2 5
 20071127 1200  0.00  0.02  0.00 2 5
 20071128 1200 -0.03  0.41  1.00 2 5
 20071129 1200 -0.04  0.29  0.00 2 5
 Time: 1200  4 Nov 2009 to 1200  7 Mar 2010 (index  1086 to  1209,  124 times)
 Depth (M):     -4.0  -4.0  -4.0 QUALITY and SOURCE
 YYYYMMDD HHMM  Prec StDev %Time Q S
 20091104 1200  0.31  1.57  6.00 1 5
 20091105 1200  0.69  2.08 18.00 1 5
 20091106 1200  0.06  0.28  2.00 1 5
 20091107 1200  0.01  0.10  1.00 1 5
 20091108 1200  0.00  0.16  1.00 1 5
 20091109 1200 -0.01  0.16  1.00 1 5
 20091110 1200  0.00  0.14  1.00 1 5
 20091111 1200 -0.01  0.11  0.00 1 5
 20091112 1200 -0.01  0.08  0.00 1 5
 20091113 1200  0.00  0.15  1.00 1 5
 20091114 1200  0.00  0.16  0.00 1 5
 20091115 1200  0.01  0.14  1.00 1 5
 20091116 1200  0.00  0.18  1.00 1 5
 20091117 1200  0.00  0.19  1.00 1 5
 20091118 1200 -0.01  0.16  0.00 1 5
 20091119 1200  0.03  0.26  1.00 1 5
 20091120 1200  0.00  0.26  1.00 1 5
 20091121 1200  0.01  0.12  0.00 1 5
 20091122 1200  0.00  0.21  0.00 1 1
 20091123 1200  0.00  0.22  1.00 1 5
 20091124 1200 -0.01  0.16  0.00 1 5
 20091125 1200  0.00  0.14  1.00 1 5
 20091126 1200 -0.01  0.14  0.00 1 5
 20091127 1200  0.01  0.19  1.00 1 5
 20091128 1200  0.00  0.21  1.00 1 5
 20091129 1200 -0.01  0.14  1.00 1 5
 20091130 1200  0.01  0.17  1.00 1 5
 20091201 1200 -0.01  0.13  0.00 1 5
 20091202 1200 -0.01  0.17  1.00 1 5
 20091203 1200  0.00  0.21  1.00 1 5
 20091204 1200  0.00  0.21  1.00 1 5
 20091205 1200 -0.01  0.23  1.00 1 5
 20091206 1200  0.01  0.19  1.00 1 5
 20091207 1200  0.13  0.31  2.00 1 5
 20091208 1200  0.08  0.32  3.00 1 5
 20091209 1200  0.07  0.24  2.00 1 5
 20091210 1200  0.00  0.11  0.00 1 5
 20091211 1200 -0.02  0.10  0.00 1 5
 20091212 1200 -0.01  0.08  0.00 1 5
 20091213 1200  0.04  0.20  1.00 1 5
 20091214 1200 -0.01  0.12  0.00 1 5
 20091215 1200 -0.01  0.12  1.00 1 5
 20091216 1200 -0.01  0.10  0.00 1 5
 20091217 1200 -0.01  0.06  0.00 1 5
 20091218 1200 -0.01  0.08  0.00 1 5
 20091219 1200  0.00  0.15  1.00 1 5
 20091220 1200 -0.02  0.14  0.00 1 5
 20091221 1200 -0.01  0.09  0.00 1 5
 20091222 1200 -0.01  0.11  0.00 1 5
 20091223 1200 -0.02  0.14  1.00 1 5
 20091224 1200 -0.02  0.14  1.00 1 5
 20091225 1200 -0.02  0.11  0.00 1 5
 20091226 1200 -0.01  0.12  1.00 1 5
 20091227 1200 -0.01  0.12  0.00 1 5
 20091228 1200 -0.01  0.13  1.00 1 5
 20091229 1200 -0.02  0.14  0.00 1 5
 20091230 1200 -0.01  0.15  1.00 1 5
 20091231 1200 -0.01  0.20  1.00 1 5
 20100101 1200 -0.03  0.18  0.00 1 5
 20100102 1200 -0.02  0.12  1.00 1 5
 20100103 1200 -0.01  0.18  1.00 1 5
 20100104 1200 -0.02  0.20  1.00 1 5
 20100105 1200 -0.01  0.17  1.00 1 5
 20100106 1200  0.00  0.19  1.00 1 5
 20100107 1200 -0.01  0.19  1.00 1 5
 20100108 1200 -0.01  0.15  0.00 1 5
 20100109 1200  0.00  0.19  1.00 1 5
 20100110 1200  0.00  0.24  1.00 1 5
 20100111 1200 -0.01  0.23  1.00 1 5
 20100112 1200 -0.02  0.20  1.00 1 5
 20100113 1200 -0.01  0.14  0.00 1 5
 20100114 1200 -0.01  0.15  1.00 1 5
 20100115 1200 -0.02  0.17  1.00 1 5
 20100116 1200 -0.02  0.13  0.00 1 5
 20100117 1200  0.00  0.13  1.00 1 5
 20100118 1200 -0.02  0.16  1.00 1 5
 20100119 1200 -0.01  0.13  0.00 1 5
 20100120 1200  0.00  0.16  1.00 1 5
 20100121 1200 -0.01  0.16  1.00 1 5
 20100122 1200 -0.01  0.18  1.00 1 5
 20100123 1200 -0.01  0.20  1.00 1 5
 20100124 1200 -0.01  0.17  1.00 1 5
 20100125 1200 -0.01  0.18  1.00 1 5
 20100126 1200 -0.01  0.22  1.00 1 5
 20100127 1200 -0.02  0.20  1.00 1 5
 20100128 1200 -0.01  0.13  1.00 1 5
 20100129 1200  0.00  0.18  1.00 1 5
 20100130 1200 -0.01  0.23  1.00 1 5
 20100131 1200 -0.01  0.24  1.00 1 5
 20100201 1200 -0.02  0.20  1.00 1 5
 20100202 1200 -0.01  0.17  1.00 1 5
 20100203 1200 -0.02  0.15  0.00 1 5
 20100204 1200  0.00  0.13  1.00 1 5
 20100205 1200  0.00  0.18  1.00 1 5
 20100206 1200 -0.01  0.21  1.00 1 5
 20100207 1200 -0.01  0.18  1.00 1 5
 20100208 1200 -0.01  0.17  1.00 1 5
 20100209 1200 -0.01  0.21  1.00 1 5
 20100210 1200 -0.01  0.22  1.00 1 5
 20100211 1200 -0.01  0.17  1.00 1 5
 20100212 1200 -0.01  0.15  1.00 1 5
 20100213 1200  0.00  0.20  1.00 1 5
 20100214 1200 -0.01  0.25  1.00 1 5
 20100215 1200 -0.01  0.21  1.00 1 5
 20100216 1200 -0.01  0.13  0.00 1 5
 20100217 1200 -0.01  0.14  1.00 1 5
 20100218 1200 -0.01  0.15  1.00 1 5
 20100219 1200 -0.01  0.16  1.00 1 5
 20100220 1200  0.00  0.16  1.00 1 5
 20100221 1200 -0.02  0.15  0.00 1 5
 20100222 1200 -0.03  0.13  1.00 1 5
 20100223 1200 -0.01  0.14  1.00 1 5
 20100224 1200 -0.01  0.11  0.00 1 5
 20100225 1200 -0.01  0.10  0.00 1 5
 20100226 1200 -0.01  0.11  0.00 1 5
 20100227 1200 -0.01  0.10  0.00 1 5
 20100228 1200  0.00  0.12  1.00 1 5
 20100301 1200 -0.01  0.15  1.00 1 5
 20100302 1200 -0.01  0.16  1.00 1 5
 20100303 1200  0.00  0.20  1.00 1 5
 20100304 1200 -0.01  0.20  1.00 1 5
 20100305 1200  0.00  0.15  1.00 1 5
 20100306 1200  0.00  0.16  1.00 1 5
 20100307 1200 -0.02  0.13  0.00 1 5
 Time: 1200  2 Nov 2010 to 1200  5 Apr 2011 (index  1449 to  1603,  155 times)
 Depth (M):     -4.0  -4.0  -4.0 QUALITY and SOURCE
 YYYYMMDD HHMM  Prec StDev %Time Q S
 20101102 1200 -0.01  0.16  0.00 2 5
 20101103 1200 -0.02  0.18  0.00 2 5
 20101104 1200 13.50 22.34 66.00 2 5
 20101105 1200  0.09  0.39  4.00 2 5
 20101106 1200  0.22  1.34  5.00 2 5
 20101107 1200 -0.01  0.08  0.00 2 5
 20101108 1200 -0.01  0.09  0.00 2 5
 20101109 1200  0.54  3.55  4.00 2 5
 20101110 1200  2.07  7.17 17.00 2 5
 20101111 1200  0.00  0.02  0.00 2 5
 20101112 1200 -0.01  0.01  0.00 2 5
 20101113 1200  0.16  1.08  4.00 2 5
 20101114 1200  0.09  0.77  1.00 2 5
 20101115 1200  0.92  5.13  6.00 2 5
 20101116 1200 -0.01  0.04  0.00 2 5
 20101117 1200 -0.01  0.11  0.00 2 5
 20101118 1200  0.37  2.60  4.00 2 5
 20101119 1200  0.41  2.50  4.00 2 5
 20101120 1200  0.46  2.58  5.00 2 5
 20101121 1200  0.00  0.03  0.00 2 5
 20101122 1200  0.93  3.52 13.00 2 5
 20101123 1200  0.33  2.46  4.00 2 5
 20101124 1200  0.26  1.29  5.00 2 5
 20101125 1200  0.00  0.06  0.00 2 5
 20101126 1200  0.00  0.02  0.00 2 5
 20101127 1200  0.00  0.03  0.00 2 5
 20101128 1200  0.02  0.26  1.00 2 5
 20101129 1200  0.29  1.88  4.00 2 5
 20101130 1200  0.31  1.28  8.00 2 5
 20101201 1200  1.85  6.00 21.00 2 5
 20101202 1200  1.05  3.84 11.00 2 5
 20101203 1200  0.14  0.67  5.00 2 5
 20101204 1200  0.10  0.78  3.00 2 5
 20101205 1200  0.00  0.12  0.00 2 5
 20101206 1200  0.47  1.65 12.00 2 5
 20101207 1200  3.25  8.14 32.00 2 5
 20101208 1200  0.04  0.16  0.00 2 5
 20101209 1200  0.10  0.80  2.00 2 5
 20101210 1200  1.16  3.49 24.00 2 5
 20101211 1200  0.11  0.74  3.00 2 5
 20101212 1200  0.00  0.05  0.00 2 5
 20101213 1200  0.00  0.02  0.00 2 5
 20101214 1200  0.00  0.02  0.00 2 5
 20101215 1200  0.00  0.03  0.00 2 5
 20101216 1200  0.00  0.02  0.00 2 5
 20101217 1200  0.00  0.03  0.00 2 5
 20101218 1200  0.00  0.03  0.00 2 5
 20101219 1200  0.00  0.13  1.00 2 5
 20101220 1200  0.63  1.70 15.00 2 5
 20101221 1200 -0.01  0.02  0.00 2 5
 20101222 1200  0.02  0.37  1.00 2 5
 20101223 1200  0.02  0.20  1.00 2 5
 20101224 1200  1.31  4.76  9.00 2 5
 20101225 1200  0.79  3.59  8.00 2 5
 20101226 1200  0.19  0.73  6.00 2 5
 20101227 1200 -0.03  0.03  0.00 2 5
 20101228 1200  0.07  0.95  1.00 2 5
 20101229 1200 -0.03  0.03  0.00 2 5
 20101230 1200  1.81  5.12 17.00 2 5
 20101231 1200  0.53  1.56 16.00 2 5
 20110101 1200  0.32  1.59  6.00 2 5
 20110102 1200  0.11  0.31  5.00 2 5
 20110103 1200  0.42  1.56  8.00 2 5
 20110104 1200  0.94  2.83 12.00 2 5
 20110105 1200  1.68  4.43 21.00 2 5
 20110106 1200  0.65  2.04 13.00 2 5
 20110107 1200  1.54  6.03 18.00 2 5
 20110108 1200  0.40  3.01  8.00 2 5
 20110109 1200  0.19  1.20  4.00 2 5
 20110110 1200  0.14  0.94  2.00 2 5
 20110111 1200  0.06  0.36  1.00 2 5
 20110112 1200  0.02  0.14  0.00 2 5
 20110113 1200 -0.01  0.01  0.00 2 5
 20110114 1200 -0.01  0.03  0.00 2 5
 20110115 1200  0.09  0.87  1.00 2 5
 20110116 1200  0.18  0.79  4.00 2 5
 20110117 1200 -0.01  0.05  0.00 2 5
 20110118 1200 -0.02  0.04  0.00 2 5
 20110119 1200 -0.01  0.01  0.00 2 5
 20110120 1200  0.00  0.16  1.00 2 5
 20110121 1200 -0.02  0.02  0.00 2 5
 20110122 1200 -0.02  0.04  0.00 2 5
 20110123 1200 -0.01  0.04  0.00 2 5
 20110124 1200  1.70  9.47  7.00 2 5
 20110125 1200  0.31  2.01  5.00 2 5
 20110126 1200  0.03  0.34  1.00 2 5
 20110127 1200  3.26  5.92 56.00 2 5
 20110128 1200  0.06  0.50  2.00 2 5
 20110129 1200  1.45  3.37 26.00 2 5
 20110130 1200  0.50  3.20  5.00 2 5
 20110131 1200  1.33  3.76 18.00 2 5
 20110201 1200  2.96  7.34 30.00 2 5
 20110202 1200  0.04  0.25  2.00 2 5
 20110203 1200 -0.01  0.02  0.00 2 5
 20110204 1200  0.00  0.04  0.00 2 5
 20110205 1200 -0.01  0.04  0.00 2 5
 20110206 1200  0.73  4.03  5.00 2 5
 20110207 1200  0.11  0.58  4.00 2 5
 20110208 1200  0.00  0.05  0.00 2 5
 20110209 1200 -0.02  0.04  0.00 2 5
 20110210 1200  0.23  0.90  5.00 2 5
 20110211 1200  0.26  2.28  2.00 2 5
 20110212 1200  0.43  1.87  7.00 2 5
 20110213 1200  2.06  9.93  9.00 2 5
 20110214 1200  0.47  1.51  9.00 2 5
 20110215 1200  0.68  4.45  4.00 2 5
 20110216 1200 -0.01  0.02  0.00 2 5
 20110217 1200  0.00  0.02  0.00 2 5
 20110218 1200  0.14  0.81  4.00 2 5
 20110219 1200 -0.02  0.02  0.00 2 5
 20110220 1200 -0.02  0.04  0.00 2 5
 20110221 1200 -0.01  0.03  0.00 2 5
 20110222 1200 -0.02  0.03  0.00 2 5
 20110223 1200 -0.03  0.03  0.00 2 5
 20110224 1200  0.04  0.61  1.00 2 5
 20110225 1200  0.01  0.15  1.00 2 5
 20110226 1200  0.35  2.14  4.00 2 5
 20110227 1200  0.10  0.35  5.00 2 5
 20110228 1200  0.08  0.33  4.00 2 5
 20110301 1200 -0.01  0.02  0.00 2 5
 20110302 1200  0.43  3.36  4.00 2 5
 20110303 1200 -0.01  0.04  0.00 2 5
 20110304 1200 -0.01  0.05  0.00 2 5
 20110305 1200 -0.01  0.04  0.00 2 5
 20110306 1200 -0.01  0.01  0.00 2 5
 20110307 1200 -0.01  0.01  0.00 2 5
 20110308 1200 -0.01  0.02  0.00 2 5
 20110309 1200 -0.01  0.01  0.00 2 5
 20110310 1200  1.37  3.52 18.00 2 5
 20110311 1200  0.36  2.37  6.00 2 5
 20110312 1200 -0.02  0.01  0.00 2 5
 20110313 1200 -0.01  0.01  0.00 2 5
 20110314 1200  0.00  0.01  0.00 2 5
 20110315 1200 -0.01  0.01  0.00 2 5
 20110316 1200  0.38  1.49 11.00 2 5
 20110317 1200  2.65  7.56 33.00 2 5
 20110318 1200  0.26  1.13  9.00 2 5
 20110319 1200  1.15  4.71 11.00 2 5
 20110320 1200  0.20  1.26  4.00 2 5
 20110321 1200 -0.01  0.02  0.00 2 5
 20110322 1200  0.13  1.18  2.00 2 5
 20110323 1200  0.62  2.93  6.00 2 5
 20110324 1200  0.09  0.56  4.00 2 5
 20110325 1200  0.27  1.97  4.00 2 5
 20110326 1200 -0.01  0.02  0.00 2 5
 20110327 1200  0.56  2.89  5.00 2 5
 20110328 1200 -0.01  0.01  0.00 2 5
 20110329 1200 -0.01  0.02  0.00 2 5
 20110330 1200 -0.01  0.04  0.00 2 5
 20110331 1200 -0.01  0.01  0.00 2 5
 20110401 1200 -0.01  0.01  0.00 2 5
 20110402 1200 -0.01  0.02  0.00 2 5
 20110403 1200 -0.01  0.01  0.00 2 5
 20110404 1200 -0.01  0.19  0.00 2 5
 20110405 1200 -0.01  0.02  0.00 2 5
 Time: 1200 16 May 2011 to 1200 27 May 2011 (index  1644 to  1655,   12 times)
 Depth (M):     -4.0  -4.0  -4.0 QUALITY and SOURCE
 YYYYMMDD HHMM  Prec StDev %Time Q S
 20110516 1200 -0.01  0.02  0.00 2 5
 20110517 1200 -0.01  0.01  0.00 2 5
 20110518 1200 -0.01  0.03  0.00 2 5
 20110519 1200 -0.01  0.03  0.00 2 5
 20110520 1200 -0.01  0.02  0.00 2 5
 20110521 1200 -0.01  0.02  0.00 2 5
 20110522 1200 -0.01  0.02  0.00 2 5
 20110523 1200 -0.01  0.03  0.00 2 5
 20110524 1200 -0.01  0.02  0.00 2 5
 20110525 1200 -0.01  0.03  0.00 2 5
 20110526 1200 -0.01  0.02  0.00 2 5
 20110527 1200  0.00  0.01  0.00 2 5
 Time: 1200  4 Jun 2011 to 1200 27 Jun 2012 (index  1663 to  2052,  390 times)
 Depth (M):     -4.0  -4.0  -4.0 QUALITY and SOURCE
 YYYYMMDD HHMM  Prec StDev %Time Q S
 20110604 1200 -0.01  0.02  0.00 2 5
 20110605 1200  0.01  0.21  1.00 2 5
 20110606 1200  0.71  3.10 10.00 2 5
 20110607 1200  0.07  0.28  1.00 2 5
 20110608 1200  0.00  0.01  0.00 2 5
 20110609 1200  0.12  1.15  1.00 2 5
 20110610 1200  0.47  2.76  6.00 2 5
 20110611 1200  0.04  0.49  1.00 2 5
 20110612 1200 -0.02  0.07  0.00 2 5
 20110613 1200  0.01  0.30  1.00 2 5
 20110614 1200 -0.02  0.09  0.00 2 5
 20110615 1200 -0.05  0.21  0.00 2 5
 20110616 1200 -0.03  0.03  0.00 2 5
 20110617 1200 -0.02  0.03  0.00 2 5
 20110618 1200 -0.03  0.05  0.00 2 5
 20110619 1200 -0.02  0.02  0.00 2 5
 20110620 1200 -0.03  0.03  0.00 2 5
 20110621 1200 -0.02  0.04  0.00 2 5
 20110622 1200 -0.02  0.03  0.00 2 5
 20110623 1200 -0.02  0.03  0.00 2 5
 20110624 1200 -0.02  0.02  0.00 2 5
 20110625 1200 -0.02  0.02  0.00 2 5
 20110626 1200 -0.02  0.03  0.00 2 5
 20110627 1200 -0.02  0.04  0.00 2 5
 20110628 1200  0.01  0.19  1.00 2 5
 20110629 1200  0.01  0.27  1.00 2 5
 20110630 1200 -0.02  0.04  0.00 2 5
 20110701 1200  0.00  0.18  1.00 2 5
 20110702 1200  0.13  0.62  4.00 2 5
 20110703 1200  0.05  0.23  1.00 2 5
 20110704 1200  0.03  0.44  1.00 2 5
 20110705 1200  0.18  1.54  1.00 2 5
 20110706 1200  0.00  0.26  1.00 2 5
 20110707 1200  0.01  0.21  1.00 2 5
 20110708 1200  0.02  0.30  1.00 2 5
 20110709 1200  0.00  0.02  0.00 2 5
 20110710 1200  2.46  8.39 18.00 2 5
 20110711 1200  0.31  1.74  5.00 2 5
 20110712 1200 -0.01  0.11  1.00 2 5
 20110713 1200 -0.01  0.11  0.00 2 5
 20110714 1200 -0.02  0.02  0.00 2 5
 20110715 1200 -0.02  0.02  0.00 2 5
 20110716 1200 -0.01  0.10  1.00 2 5
 20110717 1200 -0.01  0.03  0.00 2 5
 20110718 1200 -0.01  0.03  0.00 2 5
 20110719 1200  0.00  0.12  1.00 2 5
 20110720 1200  0.07  0.90  1.00 2 5
 20110721 1200 -0.02  0.03  0.00 2 5
 20110722 1200  0.07  0.60  1.00 2 5
 20110723 1200  1.95  6.54 16.00 2 5
 20110724 1200  1.75  3.46 36.00 2 5
 20110725 1200  4.11  6.75 70.00 2 5
 20110726 1200  0.76  2.94 10.00 2 5
 20110727 1200 -0.03  0.02  0.00 2 5
 20110728 1200  0.19  1.87  1.00 2 5
 20110729 1200  0.38  1.70  8.00 2 5
 20110730 1200  0.05  0.28  1.00 2 5
 20110731 1200 -0.05  0.30  1.00 2 5
 20110801 1200 -0.07  0.22  0.00 2 5
 20110802 1200 -0.04  0.04  0.00 2 5
 20110803 1200 -0.03  0.07  0.00 2 5
 20110804 1200 -0.02  0.04  0.00 2 5
 20110805 1200 -0.02  0.03  0.00 2 5
 20110806 1200  0.00  0.06  0.00 2 5
 20110807 1200 -0.02  0.07  0.00 2 5
 20110808 1200  0.02  0.19  1.00 2 5
 20110809 1200 -0.02  0.08  0.00 2 5
 20110810 1200 -0.03  0.16  0.00 2 5
 20110811 1200  0.02  0.62  1.00 2 5
 20110812 1200  0.11  0.94  1.00 2 5
 20110813 1200  1.93  5.24 22.00 2 5
 20110814 1200  0.47  1.41 13.00 2 5
 20110815 1200  0.04  0.41  1.00 2 5
 20110816 1200  0.52  1.33 15.00 2 5
 20110817 1200  0.14  0.69  6.00 2 5
 20110818 1200  0.15  1.03  3.00 2 5
 20110819 1200  0.02  0.21  1.00 2 5
 20110820 1200  0.08  0.71  3.00 2 5
 20110821 1200  0.32  2.18  4.00 2 5
 20110822 1200  0.02  0.35  1.00 2 5
 20110823 1200  0.46  2.02  8.00 2 5
 20110824 1200  0.04  0.21  1.00 2 5
 20110825 1200  0.01  0.14  1.00 2 5
 20110826 1200  0.02  0.17  1.00 2 5
 20110827 1200  0.00  0.03  0.00 2 5
 20110828 1200  0.00  0.03  0.00 2 5
 20110829 1200 -0.01  0.03  0.00 2 5
 20110830 1200 -0.01  0.04  0.00 2 5
 20110831 1200  0.07  0.47  2.00 2 5
 20110901 1200  0.01  0.02  0.00 2 5
 20110902 1200  0.01  0.18  1.00 2 5
 20110903 1200  0.00  0.02  0.00 2 5
 20110904 1200  0.00  0.05  0.00 2 5
 20110905 1200 -0.01  0.04  0.00 2 5
 20110906 1200  0.11  0.97  1.00 2 5
 20110907 1200  0.57  1.95 10.00 2 5
 20110908 1200  0.00  0.03  0.00 2 5
 20110909 1200  0.18  1.57  2.00 2 5
 20110910 1200 -0.01  0.12  1.00 2 5
 20110911 1200 -0.01  0.10  1.00 2 5
 20110912 1200  0.67  2.37 12.00 2 5
 20110913 1200  0.47  1.76  9.00 2 5
 20110914 1200  0.09  1.08  1.00 2 5
 20110915 1200 -0.01  0.07  0.00 2 5
 20110916 1200 -0.02  0.03  0.00 2 5
 20110917 1200 -0.01  0.05  0.00 2 5
 20110918 1200 -0.01  0.02  0.00 2 5
 20110919 1200 -0.01  0.08  0.00 2 5
 20110920 1200  0.29  1.60  4.00 2 5
 20110921 1200 -0.02  0.02  0.00 2 5
 20110922 1200  0.00  0.14  1.00 2 5
 20110923 1200  0.13  1.13  2.00 2 5
 20110924 1200 -0.01  0.02  0.00 2 5
 20110925 1200 -0.01  0.01  0.00 2 5
 20110926 1200 -0.01  0.01  0.00 2 5
 20110927 1200 -0.01  0.02  0.00 2 5
 20110928 1200  0.08  0.97  1.00 2 5
 20110929 1200 -0.01  0.03  0.00 2 5
 20110930 1200 -0.01  0.03  0.00 2 5
 20111001 1200 -0.01  0.03  0.00 2 5
 20111002 1200 -0.01  0.06  0.00 2 5
 20111003 1200  0.02  0.32  2.00 2 5
 20111004 1200 -0.01  0.02  0.00 2 5
 20111005 1200  0.08  0.66  1.00 2 5
 20111006 1200 -0.01  0.03  0.00 2 5
 20111007 1200  0.85  4.73  7.00 2 5
 20111008 1200  1.41  4.54 18.00 2 5
 20111009 1200  0.52  2.63  6.00 2 5
 20111010 1200  0.32  1.92  3.00 2 5
 20111011 1200  0.40  1.47 10.00 2 5
 20111012 1200  0.06  0.29  2.00 2 5
 20111013 1200 -0.01  0.01  0.00 2 5
 20111014 1200 -0.01  0.04  0.00 2 5
 20111015 1200  0.05  0.50  1.00 2 5
 20111016 1200  0.24  1.24  5.00 2 5
 20111017 1200  2.35  7.29 24.00 2 5
 20111018 1200 -0.01  0.03  0.00 2 5
 20111019 1200  0.00  0.03  0.00 2 5
 20111020 1200  0.00  0.02  0.00 2 5
 20111021 1200  0.11  0.90  2.00 2 5
 20111022 1200  0.15  0.82  4.00 2 5
 20111023 1200  0.44  3.07  4.00 2 5
 20111024 1200  0.11  0.88  2.00 2 5
 20111025 1200  0.13  1.38  1.00 2 5
 20111026 1200  0.00  0.01  0.00 2 5
 20111027 1200  0.03  0.22  1.00 2 5
 20111028 1200  0.76  4.10  5.00 2 5
 20111029 1200  0.00  0.03  0.00 2 5
 20111030 1200  0.30  1.77  4.00 2 5
 20111031 1200  0.16  1.05  4.00 2 5
 20111101 1200  0.50  2.17  8.00 2 5
 20111102 1200  0.22  0.87  6.00 2 5
 20111103 1200  0.00  0.03  0.00 2 5
 20111104 1200  0.00  0.09  0.00 2 5
 20111105 1200  0.00  0.01  0.00 2 5
 20111106 1200  0.00  0.01  0.00 2 5
 20111107 1200  0.00  0.01  0.00 2 5
 20111108 1200  0.01  0.10  1.00 2 5
 20111109 1200  0.00  0.02  0.00 2 5
 20111110 1200  0.35  1.66  6.00 2 5
 20111111 1200  0.65  4.21  4.00 2 5
 20111112 1200  0.00  0.01  0.00 2 5
 20111113 1200  0.00  0.02  0.00 2 5
 20111114 1200  0.00  0.03  0.00 2 5
 20111115 1200  0.10  0.73  3.00 2 5
 20111116 1200  0.03  0.35  1.00 2 5
 20111117 1200  0.13  0.79  4.00 2 5
 20111118 1200  0.00  0.09  0.00 2 5
 20111119 1200 -0.02  0.03  0.00 2 5
 20111120 1200 -0.02  0.02  0.00 2 5
 20111121 1200  1.22  5.13 19.00 2 5
 20111122 1200  1.35  6.28  9.00 2 5
 20111123 1200  0.16  0.77  4.00 2 5
 20111124 1200  0.31  1.65  4.00 2 5
 20111125 1200  0.92  3.60 11.00 2 5
 20111126 1200  3.30  8.85 34.00 2 5
 20111127 1200  0.00  0.12  1.00 2 5
 20111128 1200  0.13  1.16  2.00 2 5
 20111129 1200 -0.02  0.03  0.00 2 5
 20111130 1200 -0.01  0.03  0.00 2 5
 20111201 1200  0.96  1.47 32.00 2 5
 20111202 1200 -0.01  0.02  0.00 2 5
 20111203 1200  0.39  2.17  6.00 2 5
 20111204 1200  0.03  0.31  1.00 2 5
 20111205 1200  0.00  0.02  0.00 2 5
 20111206 1200 -0.01  0.03  0.00 2 5
 20111207 1200  0.00  0.01  0.00 2 5
 20111208 1200  1.06  5.46  6.00 2 5
 20111209 1200  0.04  0.34  1.00 2 5
 20111210 1200  0.06  0.49  1.00 2 5
 20111211 1200  0.25  1.66  2.00 2 5
 20111212 1200  0.13  0.72  3.00 2 5
 20111213 1200  2.41  7.67 21.00 2 5
 20111214 1200 -0.03  0.02  0.00 2 5
 20111215 1200 -0.02  0.02  0.00 2 5
 20111216 1200  0.04  0.38  1.00 2 5
 20111217 1200  0.25  1.42  5.00 2 5
 20111218 1200  1.18  2.80 20.00 2 5
 20111219 1200  0.00  0.13  1.00 2 5
 20111220 1200 -0.01  0.06  0.00 2 5
 20111221 1200 -0.02  0.06  0.00 2 5
 20111222 1200  0.03  0.26  2.00 2 5
 20111223 1200  1.04  2.97 17.00 2 5
 20111224 1200  2.03  5.62 27.00 2 5
 20111225 1200  0.07  0.38  3.00 2 5
 20111226 1200  0.35  1.44  8.00 2 5
 20111227 1200 -0.03  0.03  0.00 2 5
 20111228 1200 -0.01  0.02  0.00 2 5
 20111229 1200  0.00  0.02  0.00 2 5
 20111230 1200  0.13  0.83  2.00 2 5
 20111231 1200  0.28  2.25  1.00 2 5
 20120101 1200  0.97  4.32 12.00 2 5
 20120102 1200  0.08  0.60  2.00 2 5
 20120103 1200  0.00  0.11  0.00 2 1
 20120104 1200  0.00  0.10  1.00 2 5
 20120105 1200  0.10  0.65  4.00 2 5
 20120106 1200  0.51  2.05 13.00 2 5
 20120107 1200  0.02  0.09  0.00 2 5
 20120108 1200 -0.02  0.08  0.00 2 5
 20120109 1200 -0.06  0.05  0.00 2 5
 20120110 1200  0.07  0.86  2.00 2 5
 20120111 1200  1.13  4.77 12.00 2 5
 20120112 1200  0.00  0.27  0.00 2 1
 20120113 1200  0.61  2.57  9.00 2 5
 20120114 1200  0.00  0.14  1.00 2 5
 20120115 1200 -0.04  0.07  0.00 2 5
 20120116 1200 -0.03  0.02  0.00 2 5
 20120117 1200  0.00  0.32  0.00 2 1
 20120118 1200 -0.02  0.02  0.00 2 5
 20120119 1200  0.00  0.27  0.00 2 1
 20120120 1200 -0.01  0.08  0.00 2 5
 20120121 1200 -0.01  0.11  0.00 2 5
 20120122 1200 -0.02  0.08  0.00 2 5
 20120123 1200 -0.04  0.21  0.00 2 5
 20120124 1200 -0.02  0.17  0.00 2 5
 20120125 1200  0.64  4.68  7.00 2 5
 20120126 1200  0.06  0.29  4.00 2 5
 20120127 1200 -0.01  0.16  1.00 2 5
 20120128 1200 -0.01  0.09  0.00 2 5
 20120129 1200 -0.01  0.08  0.00 2 5
 20120130 1200 -0.02  0.11  0.00 2 5
 20120131 1200 -0.01  0.10  0.00 2 5
 20120201 1200 -0.01  0.12  0.00 2 5
 20120202 1200  0.08  0.56  2.00 2 5
 20120203 1200  0.58  2.19 12.00 2 5
 20120204 1200  0.72  3.33  8.00 2 5
 20120205 1200  0.01  0.13  0.00 2 5
 20120206 1200  4.43 13.39 21.00 2 5
 20120207 1200  0.06  0.46  2.00 2 5
 20120208 1200 -0.01  0.02  0.00 2 5
 20120209 1200 -0.01  0.05  0.00 2 5
 20120210 1200 -0.01  0.08  0.00 2 5
 20120211 1200 -0.01  0.08  0.00 2 5
 20120212 1200  0.45  2.57  5.00 2 5
 20120213 1200  0.20  1.29  3.00 2 5
 20120214 1200  0.05  0.34  1.00 2 5
 20120215 1200  0.00  0.01  0.00 2 5
 20120216 1200  0.00  0.01  0.00 2 5
 20120217 1200 -0.01  0.06  0.00 2 5
 20120218 1200  0.00  0.01  0.00 2 5
 20120219 1200 -0.01  0.08  0.00 2 5
 20120220 1200 -0.02  0.21  0.00 2 5
 20120221 1200 -0.05  0.21  0.00 2 5
 20120222 1200 -0.03  0.03  0.00 2 5
 20120223 1200 -0.03  0.05  0.00 2 5
 20120224 1200 -0.02  0.03  0.00 2 5
 20120225 1200 -0.02  0.06  0.00 2 5
 20120226 1200  0.00  0.02  0.00 2 5
 20120227 1200  0.18  1.48  3.00 2 5
 20120228 1200  0.00  0.01  0.00 2 5
 20120229 1200  0.00  0.01  0.00 2 5
 20120301 1200  0.00  0.01  0.00 2 5
 20120302 1200 -0.01  0.07  0.00 2 5
 20120303 1200 -0.01  0.05  0.00 2 5
 20120304 1200 -0.02  0.11  0.00 2 5
 20120305 1200 -0.02  0.10  0.00 2 5
 20120306 1200 -0.02  0.17  0.00 2 5
 20120307 1200 -0.01  0.09  0.00 2 5
 20120308 1200 -0.01  0.08  0.00 2 5
 20120309 1200 -0.01  0.04  0.00 2 5
 20120310 1200  1.06  2.77 20.00 2 5
 20120311 1200  0.00  0.03  0.00 2 5
 20120312 1200 -0.01  0.13  0.00 2 5
 20120313 1200 -0.02  0.16  0.00 2 5
 20120314 1200 -0.02  0.13  0.00 2 5
 20120315 1200 -0.02  0.15  0.00 2 5
 20120316 1200 -0.01  0.12  0.00 2 5
 20120317 1200  0.00  0.02  0.00 2 5
 20120318 1200  0.00  0.03  0.00 2 5
 20120319 1200 -0.01  0.04  0.00 2 5
 20120320 1200  0.00  0.03  0.00 2 5
 20120321 1200 -0.02  0.05  0.00 2 5
 20120322 1200  0.00  0.02  0.00 2 5
 20120323 1200 -0.01  0.15  0.00 2 5
 20120324 1200 -0.02  0.16  0.00 2 5
 20120325 1200 -0.01  0.14  0.00 2 5
 20120326 1200  0.00  0.01  0.00 2 5
 20120327 1200 -0.01  0.14  0.00 2 5
 20120328 1200  0.00  0.02  0.00 2 5
 20120329 1200 -0.03  0.11  0.00 2 5
 20120330 1200  0.00  0.01  0.00 2 5
 20120331 1200 -0.01  0.04  0.00 2 5
 20120401 1200 -0.01  0.05  0.00 2 5
 20120402 1200  0.10  0.92  1.00 2 5
 20120403 1200  0.00  0.05  0.00 2 5
 20120404 1200  0.00  0.02  0.00 2 5
 20120405 1200  0.26  2.05  3.00 2 5
 20120406 1200  0.01  0.08  0.00 2 5
 20120407 1200  0.00  0.02  0.00 2 5
 20120408 1200  0.00  0.02  0.00 2 5
 20120409 1200  0.01  0.07  0.00 2 5
 20120410 1200  0.01  0.09  0.00 2 5
 20120411 1200  0.00  0.07  0.00 2 5
 20120412 1200  0.04  0.18  1.00 2 5
 20120413 1200  0.10  0.94  1.00 2 5
 20120414 1200  0.00  0.05  0.00 2 5
 20120415 1200  0.00  0.03  0.00 2 5
 20120416 1200  1.68  5.92 11.00 2 5
 20120417 1200  0.67  3.08  6.00 2 5
 20120418 1200  2.19  9.87 11.00 2 5
 20120419 1200  0.56  2.69  5.00 2 5
 20120420 1200  0.00  0.04  0.00 2 5
 20120421 1200 -0.01  0.11  1.00 2 5
 20120422 1200 -0.02  0.03  0.00 2 5
 20120423 1200  0.14  0.98  2.00 2 5
 20120424 1200  0.28  1.57  5.00 2 5
 20120425 1200 -0.01  0.07  0.00 2 5
 20120426 1200  0.00  0.02  0.00 2 5
 20120427 1200  0.00  0.03  0.00 2 5
 20120428 1200  0.01  0.04  0.00 2 5
 20120429 1200 -0.02  0.18  0.00 2 5
 20120430 1200  0.17  0.82  4.00 2 5
 20120501 1200  0.32  1.77  3.00 2 5
 20120502 1200  0.10  0.58  2.00 2 5
 20120503 1200  0.61  2.20 10.00 2 5
 20120504 1200  0.16  1.57  1.00 2 5
 20120505 1200 -0.03  0.02  0.00 2 5
 20120506 1200 -0.02  0.06  0.00 2 5
 20120507 1200 -0.02  0.04  0.00 2 5
 20120508 1200 -0.01  0.01  0.00 2 5
 20120509 1200  0.00  0.15  1.00 2 5
 20120510 1200 -0.01  0.07  0.00 2 5
 20120511 1200 -0.01  0.01  0.00 2 5
 20120512 1200  0.24  1.60  4.00 2 5
 20120513 1200 -9.99 -9.99 -9.99 0 0
 20120514 1200  0.00  7.36 18.00 2 1
 20120515 1200  0.35  4.58 11.00 2 1
 20120516 1200  0.00  8.64  0.00 2 1
 20120517 1200  0.00  4.87  0.00 2 1
 20120518 1200  0.00  3.54  1.00 2 1
 20120519 1200  0.00  5.62  2.00 2 1
 20120520 1200  0.00  4.41  3.00 2 1
 20120521 1200  0.00  5.57 10.00 2 1
 20120522 1200  0.00  7.48 17.00 2 1
 20120523 1200  0.00 12.52 21.00 2 1
 20120524 1200  0.00  2.78 18.00 2 1
 20120525 1200  1.33  0.00 42.00 2 1
 20120526 1200  0.35  3.65 13.00 2 1
 20120527 1200  0.00  2.15 11.00 2 1
 20120528 1200 -9.99  1.91 12.00 0 1
 20120529 1200 -9.99  1.62  3.00 0 1
 20120530 1200 -9.99  1.33  3.00 0 1
 20120531 1200 -9.99  2.49  4.00 0 1
 20120601 1200 -9.99  1.68  3.00 0 1
 20120602 1200 -9.99  3.07  3.00 0 1
 20120603 1200 -9.99  3.65  2.00 0 1
 20120604 1200  0.00  3.30  2.00 2 1
 20120605 1200 -9.99  1.33  2.00 0 1
 20120606 1200 -9.99  1.28  2.00 0 1
 20120607 1200 -9.99  0.58  1.00 0 1
 20120608 1200 -9.99  1.39  2.00 0 1
 20120609 1200 -9.99  1.28  3.00 0 1
 20120610 1200 -9.99  1.97  5.00 0 1
 20120611 1200 -9.99  1.10  4.00 0 1
 20120612 1200 -9.99  0.99  2.00 0 1
 20120613 1200  0.00  0.87  6.00 2 1
 20120614 1200  0.00  1.80  7.00 2 1
 20120615 1200  0.06  2.09 11.00 2 1
 20120616 1200  0.00  1.91 12.00 2 1
 20120617 1200  0.00  1.10  3.00 2 1
 20120618 1200 -9.99  1.68  7.00 0 1
 20120619 1200  0.00  2.90  4.00 2 1
 20120620 1200 -9.99  1.45  8.00 0 1
 20120621 1200  0.00  0.87  7.00 2 1
 20120622 1200  0.00  1.57 16.00 2 1
 20120623 1200  0.29  2.90 18.00 2 1
 20120624 1200  0.06  1.33  4.00 2 1
 20120625 1200  0.46 39.60 12.00 2 1
 20120626 1200  0.23  5.51 11.00 2 1
 20120627 1200  0.00  5.57  5.00 2 1
 Time: 1200  4 Dec 2014 to 1200 12 Feb 2015 (index  2942 to  3012,   71 times)
 Depth (M):     -4.0  -4.0  -4.0 QUALITY and SOURCE
 YYYYMMDD HHMM  Prec StDev %Time Q S
 20141204 1200  0.00  1.78  0.00 2 1
 20141205 1200  0.19  1.54  4.00 2 1
 20141206 1200  0.05 11.53  8.00 2 1
 20141207 1200  0.05  5.52 15.00 2 1
 20141208 1200  0.00  1.82 11.00 2 1
 20141209 1200  0.00  0.67  7.00 2 1
 20141210 1200  0.10  1.58  5.00 2 1
 20141211 1200  0.19 10.18  2.00 2 1
 20141212 1200  0.00  3.75  2.00 2 1
 20141213 1200  0.00  3.36  1.00 2 1
 20141214 1200  0.00  5.38  0.00 2 1
 20141215 1200  1.30 40.87 12.00 2 1
 20141216 1200  1.30 49.95  7.00 2 1
 20141217 1200  0.00  2.16  1.00 2 1
 20141218 1200  0.48  4.85  6.00 2 1
 20141219 1200  1.82 34.91 13.00 2 1
 20141220 1200  4.37  0.00 13.00 2 1
 20141221 1200 -9.99  0.00  9.00 0 1
 20141222 1200  0.82  7.64 12.00 2 1
 20141223 1200  0.00  3.65  0.00 2 1
 20141224 1200  0.00  3.17  0.00 2 1
 20141225 1200  0.77  6.24 10.00 2 1
 20141226 1200  1.06 16.14  7.00 2 1
 20141227 1200  0.58  0.00 11.00 2 1
 20141228 1200  0.19  5.23  2.00 2 1
 20141229 1200 -0.05  5.67  0.00 2 1
 20141230 1200  0.67  7.54  6.00 2 1
 20141231 1200  0.00  4.08  7.00 2 1
 20150101 1200  0.00  4.27  2.00 2 1
 20150102 1200  0.00  4.75  7.00 2 1
 20150103 1200  0.00  3.03 11.00 2 1
 20150104 1200  0.00  3.12 14.00 2 1
 20150105 1200  0.00  2.50 18.00 2 1
 20150106 1200  0.00  3.55 21.00 2 1
 20150107 1200  0.00  3.99 18.00 2 1
 20150108 1200  0.00  3.46 22.00 2 1
 20150109 1200  0.00  5.33 21.00 2 1
 20150110 1200  0.00  3.89 12.00 2 1
 20150111 1200  0.00  5.19  3.00 2 1
 20150112 1200  0.00  5.09  7.00 2 1
 20150113 1200  0.00  4.95  8.00 2 1
 20150114 1200  0.00  4.03  2.00 2 1
 20150115 1200  0.00  4.23  2.00 2 1
 20150116 1200  0.00  2.40  8.00 2 1
 20150117 1200  0.14  5.62  9.00 2 1
 20150118 1200  0.62  6.58  6.00 2 1
 20150119 1200  0.00  2.31  0.00 2 1
 20150120 1200  0.00  2.59  0.00 2 1
 20150121 1200  0.10  6.77  1.00 2 1
 20150122 1200  0.00  2.26  0.00 2 1
 20150123 1200  0.00  1.30  0.00 2 1
 20150124 1200 -0.05  2.35  0.00 2 1
 20150125 1200 -0.05  2.16  0.00 2 1
 20150126 1200  0.00  4.03  0.00 2 1
 20150127 1200  0.00  1.39  1.00 2 1
 20150128 1200  0.00  3.41  1.00 2 1
 20150129 1200  0.00  4.13  0.00 2 1
 20150130 1200  0.00  2.45  0.00 2 1
 20150131 1200  0.29 27.09  3.00 2 1
 20150201 1200  0.00  2.31  0.00 2 1
 20150202 1200  0.58  6.20  3.00 2 1
 20150203 1200 -0.05  3.79  2.00 2 1
 20150204 1200 -0.05  3.36  1.00 2 1
 20150205 1200 -0.05  2.69  1.00 2 1
 20150206 1200  0.00  2.11  1.00 2 1
 20150207 1200 -0.05  2.40  1.00 2 1
 20150208 1200 -0.05  2.74  0.00 2 1
 20150209 1200  0.34 12.77  7.00 2 1
 20150210 1200  0.10  1.87  5.00 2 1
 20150211 1200  0.48 22.62 25.00 2 1
 20150212 1200  0.00  3.60 20.00 2 1
 Time: 1200  7 Mar 2016 to 1200  4 Jul 2016 (index  3401 to  3520,  120 times)
 Depth (M):     -4.0  -4.0  -4.0 QUALITY and SOURCE
 YYYYMMDD HHMM  Prec StDev %Time Q S
 20160307 1200  0.00  0.73  8.00 2 1
 20160308 1200  0.00  0.63  2.00 2 1
 20160309 1200  0.00  0.34  2.00 2 1
 20160310 1200  0.00  0.39  1.00 2 1
 20160311 1200 -9.99 -9.99 -9.99 0 0
 20160312 1200 -0.02  0.06  0.00 2 5
 20160313 1200 -0.02  0.05  0.00 2 5
 20160314 1200 -0.02  0.10  0.00 2 5
 20160315 1200 -0.01  0.03  0.00 2 5
 20160316 1200 -0.01  0.03  0.00 2 5
 20160317 1200 -0.01  0.02  0.00 2 5
 20160318 1200 -0.01  0.02  0.00 2 5
 20160319 1200 -0.01  0.02  0.00 2 5
 20160320 1200 -0.01  0.03  0.00 2 5
 20160321 1200  0.00  0.06  0.00 2 5
 20160322 1200 -0.01  0.06  0.00 2 5
 20160323 1200  0.00  0.04  0.00 2 5
 20160324 1200  0.00  0.03  0.00 2 5
 20160325 1200  0.00  0.01  0.00 2 5
 20160326 1200  0.00  0.04  0.00 2 5
 20160327 1200  0.01  0.12  0.00 2 5
 20160328 1200  0.01  0.08  0.00 2 5
 20160329 1200  0.00  0.02  0.00 2 5
 20160330 1200  0.00  0.01  0.00 2 5
 20160331 1200  0.00  0.01  0.00 2 5
 20160401 1200  0.00  0.01  0.00 2 5
 20160402 1200  0.00  0.03  0.00 2 5
 20160403 1200  0.00  0.01  0.00 2 5
 20160404 1200  0.00  0.01  0.00 2 5
 20160405 1200  0.00  0.03  0.00 2 5
 20160406 1200  0.20  1.45  3.00 2 5
 20160407 1200 -0.03  0.12  0.00 2 5
 20160408 1200 -0.01  0.04  0.00 2 5
 20160409 1200 -0.01  0.03  0.00 2 5
 20160410 1200 -0.01  0.02  0.00 2 5
 20160411 1200 -0.01  0.03  0.00 2 5
 20160412 1200 -0.01  0.04  0.00 2 5
 20160413 1200  0.00  0.04  0.00 2 5
 20160414 1200 -0.01  0.03  0.00 2 5
 20160415 1200  0.00  0.03  0.00 2 5
 20160416 1200  0.00  0.02  0.00 2 5
 20160417 1200  0.00  0.01  0.00 2 5
 20160418 1200 -0.01  0.04  0.00 2 5
 20160419 1200 -0.01  0.04  0.00 2 5
 20160420 1200 -0.02  0.05  0.00 2 5
 20160421 1200 -0.01  0.03  0.00 2 5
 20160422 1200  0.00  0.02  0.00 2 5
 20160423 1200  0.00  0.02  0.00 2 5
 20160424 1200  0.07  0.50  1.00 2 5
 20160425 1200  0.24  2.03  3.00 2 5
 20160426 1200 -0.01  0.06  0.00 2 5
 20160427 1200  0.00  0.06  0.00 2 5
 20160428 1200  0.00  0.09  0.00 2 5
 20160429 1200 -0.02  0.06  0.00 2 5
 20160430 1200  0.00  0.13  0.00 2 5
 20160501 1200 -0.01  0.08  0.00 2 5
 20160502 1200 -0.01  0.07  0.00 2 5
 20160503 1200 -0.01  0.05  0.00 2 5
 20160504 1200  0.28  2.37  2.00 2 5
 20160505 1200  0.06  0.66  2.00 2 5
 20160506 1200  0.00  0.01  0.00 2 5
 20160507 1200  0.00  0.01  0.00 2 5
 20160508 1200  0.00  0.01  0.00 2 5
 20160509 1200  0.51  2.98  5.00 2 5
 20160510 1200  0.00  0.01  0.00 2 5
 20160511 1200  0.00  0.02  0.00 2 5
 20160512 1200  0.56  3.79  4.00 2 5
 20160513 1200 -0.01  0.02  0.00 2 5
 20160514 1200  0.08  0.59  3.00 2 5
 20160515 1200  1.20  5.21 16.00 2 5
 20160516 1200 -0.02  0.07  0.00 2 5
 20160517 1200  0.00  0.01  0.00 2 5
 20160518 1200  0.48  1.83  8.00 2 5
 20160519 1200 -0.03  0.06  0.00 2 5
 20160520 1200  0.01  0.23  1.00 2 5
 20160521 1200  0.10  0.76  4.00 2 5
 20160522 1200  0.00  0.13  0.00 2 5
 20160523 1200  0.00  0.24  1.00 2 5
 20160524 1200 -0.03  0.03  0.00 2 5
 20160525 1200 -0.02  0.01  0.00 2 5
 20160526 1200 -0.01  0.02  0.00 2 5
 20160527 1200  0.00  0.02  0.00 2 5
 20160528 1200  0.54  3.82  3.00 2 5
 20160529 1200  0.07  0.45  2.00 2 5
 20160530 1200  0.05  0.69  2.00 2 5
 20160531 1200  0.40  2.88  6.00 2 5
 20160601 1200 -0.04  0.08  0.00 2 5
 20160602 1200  0.21  1.04  5.00 2 5
 20160603 1200  0.07  0.34  2.00 2 5
 20160604 1200  0.14  1.05  1.00 2 5
 20160605 1200  0.00  0.02  0.00 2 5
 20160606 1200  0.00  0.04  0.00 2 5
 20160607 1200  0.00  0.02  0.00 2 5
 20160608 1200  0.00  0.03  0.00 2 5
 20160609 1200 -0.01  0.06  0.00 2 5
 20160610 1200  0.00  0.03  0.00 2 5
 20160611 1200  0.00  0.04  0.00 2 5
 20160612 1200  0.00  0.13  1.00 2 5
 20160613 1200  0.29  2.71  1.00 2 5
 20160614 1200  1.11  6.40 10.00 2 5
 20160615 1200  0.01  0.05  0.00 2 5
 20160616 1200  0.00  0.02  0.00 2 5
 20160617 1200 -0.03  0.13  0.00 2 5
 20160618 1200 -0.04  0.28  1.00 2 5
 20160619 1200  0.10  1.13  3.00 2 5
 20160620 1200  0.34  1.61  6.00 2 5
 20160621 1200  0.77  2.42 16.00 2 5
 20160622 1200  0.26  1.47  4.00 2 5
 20160623 1200  1.00  4.69 13.00 2 5
 20160624 1200  0.41  1.81  7.00 2 5
 20160625 1200  1.12  5.02  7.00 2 5
 20160626 1200  0.00  0.01  0.00 2 5
 20160627 1200  0.00  0.01  0.00 2 5
 20160628 1200  0.00  0.02  0.00 2 5
 20160629 1200  0.00  0.02  0.00 2 5
 20160630 1200  0.00  0.02  0.00 2 5
 20160701 1200  0.00  0.01  0.00 2 5
 20160702 1200  0.00  0.01  0.00 2 5
 20160703 1200  0.00  0.01  0.00 2 5
 20160704 1200  0.00  0.02  0.00 2 5
 Time: 1200 15 Jul 2016 to 1200 18 Oct 2016 (index  3531 to  3626,   96 times)
 Depth (M):     -4.0  -4.0  -4.0 QUALITY and SOURCE
 YYYYMMDD HHMM  Prec StDev %Time Q S
 20160715 1200  0.13  1.10  2.00 2 5
 20160716 1200  0.57  2.60  7.00 2 5
 20160717 1200 -0.01  0.01  0.00 2 5
 20160718 1200 -0.01  0.05  0.00 2 5
 20160719 1200  1.26  6.49  9.00 2 5
 20160720 1200  1.96  8.52 17.00 2 5
 20160721 1200  0.60  2.17 13.00 2 5
 20160722 1200  0.32  0.86 11.00 2 5
 20160723 1200  1.22  8.66  4.00 2 5
 20160724 1200  0.03  0.18  1.00 2 5
 20160725 1200  0.01  0.12  0.00 2 5
 20160726 1200  0.70  2.74  8.00 2 5
 20160727 1200  0.28  1.53  4.00 2 5
 20160728 1200 -0.02  0.01  0.00 2 5
 20160729 1200 -0.01  0.09  0.00 2 5
 20160730 1200 -0.02  0.02  0.00 2 5
 20160731 1200 -0.02  0.01  0.00 2 5
 20160801 1200 -0.03  0.01  0.00 2 5
 20160802 1200 -0.02  0.01  0.00 2 5
 20160803 1200 -0.02  0.01  0.00 2 5
 20160804 1200 -0.01  0.01  0.00 2 5
 20160805 1200 -0.03  0.03  0.00 2 5
 20160806 1200 -0.02  0.01  0.00 2 5
 20160807 1200 -0.02  0.01  0.00 2 5
 20160808 1200 -0.01  0.01  0.00 2 5
 20160809 1200  0.00  0.01  0.00 2 5
 20160810 1200 -0.02  0.04  0.00 2 5
 20160811 1200 -0.04  0.08  0.00 2 5
 20160812 1200 -0.01  0.06  0.00 2 5
 20160813 1200 -0.04  0.08  0.00 2 5
 20160814 1200 -0.01  0.07  0.00 2 5
 20160815 1200 -0.06  0.18  0.00 2 5
 20160816 1200 -0.03  0.02  0.00 2 5
 20160817 1200 -0.03  0.01  0.00 2 5
 20160818 1200 -0.02  0.01  0.00 2 5
 20160819 1200 -0.02  0.01  0.00 2 5
 20160820 1200 -0.02  0.01  0.00 2 5
 20160821 1200 -0.02  0.01  0.00 2 5
 20160822 1200 -0.02  0.01  0.00 2 5
 20160823 1200 -0.01  0.01  0.00 2 5
 20160824 1200  0.10  1.02  2.00 2 5
 20160825 1200  0.01  0.11  0.00 2 5
 20160826 1200  2.93  5.61 43.00 2 5
 20160827 1200  0.20  0.65  6.00 2 5
 20160828 1200  0.49  2.27  9.00 2 5
 20160829 1200  0.00  0.02  0.00 2 5
 20160830 1200  0.81  4.53 12.00 2 5
 20160831 1200  0.50  1.66 11.00 2 5
 20160901 1200 -0.01  0.04  0.00 2 5
 20160902 1200  0.03  0.33  1.00 2 5
 20160903 1200  0.53  2.82  6.00 2 5
 20160904 1200  0.00  0.01  0.00 2 5
 20160905 1200 -0.01  0.02  0.00 2 5
 20160906 1200 -0.01  0.01  0.00 2 5
 20160907 1200  0.00  0.08  0.00 2 5
 20160908 1200  0.00  0.01  0.00 2 5
 20160909 1200  0.00  0.02  0.00 2 5
 20160910 1200  0.02  0.23  1.00 2 5
 20160911 1200  0.00  0.01  0.00 2 5
 20160912 1200  0.00  0.01  0.00 2 5
 20160913 1200  0.00  0.05  0.00 2 5
 20160914 1200  0.00  0.03  0.00 2 5
 20160915 1200  0.05  0.43  1.00 2 5
 20160916 1200 -0.01  0.01  0.00 2 5
 20160917 1200  0.00  0.01  0.00 2 5
 20160918 1200  0.73  3.22  7.00 2 5
 20160919 1200  0.00  0.01  0.00 2 5
 20160920 1200 -0.01  0.03  0.00 2 5
 20160921 1200 -0.02  0.10  0.00 2 5
 20160922 1200 -0.02  0.03  0.00 2 5
 20160923 1200 -0.03  0.10  0.00 2 5
 20160924 1200  0.00  0.02  0.00 2 5
 20160925 1200 -0.01  0.02  0.00 2 5
 20160926 1200 -0.07  0.21  0.00 2 5
 20160927 1200 -0.02  0.06  0.00 2 5
 20160928 1200 -0.02  0.01  0.00 2 5
 20160929 1200 -0.03  0.01  0.00 2 5
 20160930 1200 -0.01  0.11  0.00 2 5
 20161001 1200 -0.02  0.01  0.00 2 5
 20161002 1200 -0.02  0.01  0.00 2 5
 20161003 1200 -0.01  0.10  1.00 2 5
 20161004 1200 -0.02  0.01  0.00 2 5
 20161005 1200 -0.01  0.01  0.00 2 5
 20161006 1200 -0.02  0.01  0.00 2 5
 20161007 1200 -0.02  0.01  0.00 2 5
 20161008 1200 -0.02  0.01  0.00 2 5
 20161009 1200 -0.02  0.01  0.00 2 5
 20161010 1200 -0.02  0.01  0.00 2 5
 20161011 1200 -0.01  0.01  0.00 2 5
 20161012 1200 -0.01  0.04  0.00 2 5
 20161013 1200  0.00  0.02  0.00 2 5
 20161014 1200  0.16  1.50  2.00 2 5
 20161015 1200  0.04  0.47  1.00 2 5
 20161016 1200  0.96  5.04  8.00 2 5
 20161017 1200  0.16  0.71  5.00 2 5
 20161018 1200  0.29  0.88 10.00 2 5
 Time: 1200 14 Jan 2017 to 1200 22 Mar 2017 (index  3714 to  3781,   68 times)
 Depth (M):     -4.0  -4.0  -4.0 QUALITY and SOURCE
 YYYYMMDD HHMM  Prec StDev %Time Q S
 20170114 1200  0.00  0.30  0.00 2 1
 20170115 1200  0.00  0.30  0.00 2 1
 20170116 1200  0.00  0.30  0.00 2 1
 20170117 1200  0.00  0.30  0.00 2 1
 20170118 1200  0.00  0.30  0.00 2 1
 20170119 1200  0.00  0.30  0.00 2 1
 20170120 1200  0.50 17.10  5.00 2 1
 20170121 1200  0.30  9.40 12.00 2 1
 20170122 1200  1.00 18.70 10.00 2 1
 20170123 1200  0.00  0.30  0.00 2 1
 20170124 1200  0.00  0.30  0.00 2 1
 20170125 1200  0.50  5.00  3.00 2 1
 20170126 1200  0.00  0.30  0.00 2 1
 20170127 1200  0.90 22.50  1.00 2 1
 20170128 1200  0.40 13.40  2.00 2 1
 20170129 1200  0.00  0.20  0.00 2 1
 20170130 1200  0.00  0.20  0.00 2 1
 20170131 1200  0.00  0.20  0.00 2 1
 20170201 1200  0.00  0.20  0.00 2 1
 20170202 1200  0.10  1.00  1.00 2 1
 20170203 1200  0.00  0.20  0.00 2 1
 20170204 1200  0.00  0.20  0.00 2 1
 20170205 1200  0.00  0.20  0.00 2 1
 20170206 1200  0.00  0.20  0.00 2 1
 20170207 1200  0.00  0.20  0.00 2 1
 20170208 1200  0.00  0.20  0.00 2 1
 20170209 1200  0.00  0.20  0.00 2 1
 20170210 1200  0.00  0.20  0.00 2 1
 20170211 1200  0.00  0.20  0.00 2 1
 20170212 1200  0.00  1.30  0.00 2 1
 20170213 1200  0.20  6.20  2.00 2 1
 20170214 1200  0.00  0.20  0.00 2 1
 20170215 1200  0.00  0.30  0.00 2 1
 20170216 1200  0.00  0.30  0.00 2 1
 20170217 1200  0.00  0.30  0.00 2 1
 20170218 1200  0.00  0.20  0.00 2 1
 20170219 1200  0.00  0.20  0.00 2 1
 20170220 1200  0.00  0.20  0.00 2 1
 20170221 1200  0.00  0.20  0.00 2 1
 20170222 1200  0.00  0.20  0.00 2 1
 20170223 1200  0.60  6.50  2.00 2 1
 20170224 1200  0.00  0.60  3.00 2 1
 20170225 1200  0.60 23.70 11.00 2 1
 20170226 1200  0.20  7.10 26.00 2 1
 20170227 1200  0.00  0.20  0.00 2 1
 20170228 1200  0.00  0.30  0.00 2 1
 20170301 1200  0.50 14.90 11.00 2 1
 20170302 1200  0.10  3.90  2.00 2 1
 20170303 1200  0.00  0.20  0.00 2 1
 20170304 1200  0.00  0.20  0.00 2 1
 20170305 1200  0.00  0.20  0.00 2 1
 20170306 1200  0.00  0.20  0.00 2 1
 20170307 1200  0.00  0.10  0.00 2 1
 20170308 1200  0.00  0.20  0.00 2 1
 20170309 1200  0.00  0.20  0.00 2 1
 20170310 1200  0.00  0.20  0.00 2 1
 20170311 1200  0.00  0.10  0.00 2 1
 20170312 1200  0.00  0.20  0.00 2 1
 20170313 1200  0.00  0.10  0.00 2 1
 20170314 1200  0.00  0.20  0.00 2 1
 20170315 1200  0.00  0.20  0.00 2 1
 20170316 1200  0.00  0.20  0.00 2 1
 20170317 1200  0.00  0.30  0.00 2 1
 20170318 1200  0.00  0.20  0.00 2 1
 20170319 1200  0.00  0.20  0.00 2 1
 20170320 1200  0.00  0.10  0.00 2 1
 20170321 1200  0.00  0.30  0.00 2 1
 20170322 1200  0.00  0.30  0.00 2 1
 Time: 1200 18 Nov 2018 to 1200  7 Aug 2019 (index  4387 to  4649,  263 times)
 Depth (M):     -4.0  -4.0  -4.0 QUALITY and SOURCE
 YYYYMMDD HHMM  Prec StDev %Time Q S
 20181118 1200  0.50  9.20 11.00 2 1
 20181119 1200  0.00  0.60  1.00 2 1
 20181120 1200  0.00  0.40  1.00 2 1
 20181121 1200  0.00  0.20  0.00 2 1
 20181122 1200  0.00  0.20  0.00 2 1
 20181123 1200  0.00  0.80  1.00 2 1
 20181124 1200  0.00  0.50  3.00 2 1
 20181125 1200  0.30  3.40  3.00 2 1
 20181126 1200  0.00  0.40  0.00 2 1
 20181127 1200  0.00  0.90  2.00 2 1
 20181128 1200  0.00  0.50  2.00 2 1
 20181129 1200  0.00  0.50  2.00 2 1
 20181130 1200  0.10 10.50  5.00 2 1
 20181201 1200  0.10  1.20  5.00 2 1
 20181202 1200  0.00  0.70  5.00 2 1
 20181203 1200  0.00  0.70  6.00 2 1
 20181204 1200  0.00  9.00  5.00 2 1
 20181205 1200  0.90  8.50 15.00 2 1
 20181206 1200  0.80  2.00 19.00 2 1
 20181207 1200  0.20  1.20  7.00 2 1
 20181208 1200  0.00  0.60  4.00 2 1
 20181209 1200  0.00  0.50  2.00 2 1
 20181210 1200  0.40  8.50 13.00 2 1
 20181211 1200  0.20  2.40  3.00 2 1
 20181212 1200  1.50  8.00 14.00 2 1
 20181213 1200  0.60  4.00  8.00 2 1
 20181214 1200  0.70  5.30  6.00 2 1
 20181215 1200  0.40  8.50  4.00 2 1
 20181216 1200  0.40  8.70  6.00 2 1
 20181217 1200  0.00  0.40  1.00 2 1
 20181218 1200  0.00  0.40  1.00 2 1
 20181219 1200  0.60  8.90 10.00 2 1
 20181220 1200  1.50  6.40 13.00 2 1
 20181221 1200  0.00  0.20  0.00 2 1
 20181222 1200  0.60  4.40  5.00 2 1
 20181223 1200  0.00  0.70  0.00 2 1
 20181224 1200  0.00  0.10  0.00 2 1
 20181225 1200  0.00  0.20  0.00 2 1
 20181226 1200  0.80  5.40  3.00 2 1
 20181227 1200  0.00  0.20  0.00 2 1
 20181228 1200  0.00  0.20  0.00 2 1
 20181229 1200  0.00  0.30  0.00 2 1
 20181230 1200  0.00  0.30  0.00 2 1
 20181231 1200  0.00  0.40  0.00 2 1
 20190101 1200  0.00  0.60  0.00 2 1
 20190102 1200  0.10  1.50  1.00 2 1
 20190103 1200  0.20  2.00  3.00 2 1
 20190104 1200  0.00  0.30  0.00 2 1
 20190105 1200  0.00  0.30  0.00 2 1
 20190106 1200  0.10  2.90  6.00 2 1
 20190107 1200  0.20  0.80 10.00 2 1
 20190108 1200  0.00  0.20  0.00 2 1
 20190109 1200  0.00  0.30  0.00 2 1
 20190110 1200  0.00  0.30  0.00 2 1
 20190111 1200  0.00  0.30  0.00 2 1
 20190112 1200  0.20  2.90  1.00 2 1
 20190113 1200  0.00  0.20  0.00 2 1
 20190114 1200  0.00  0.40  1.00 2 1
 20190115 1200  0.20  2.30  2.00 2 1
 20190116 1200  0.00  0.30  0.00 2 1
 20190117 1200  0.00  0.50  1.00 2 1
 20190118 1200  0.00  0.60  1.00 2 1
 20190119 1200  0.00  0.30  0.00 2 1
 20190120 1200  0.70  5.70  7.00 2 1
 20190121 1200  0.10  1.10  3.00 2 1
 20190122 1200  3.20 19.60 22.00 2 1
 20190123 1200  0.20  2.90  1.00 2 1
 20190124 1200  0.00  0.30  0.00 2 1
 20190125 1200  0.00  0.30  0.00 2 1
 20190126 1200  0.00  0.30  0.00 2 1
 20190127 1200  0.00  0.40  0.00 2 1
 20190128 1200  0.00  0.30  0.00 2 1
 20190129 1200  0.00  0.30  0.00 2 1
 20190130 1200  0.00  0.30  0.00 2 1
 20190131 1200  0.00  0.70  1.00 2 1
 20190201 1200  0.00  0.40  0.00 2 1
 20190202 1200  1.30  6.10  8.00 2 1
 20190203 1200  0.00  0.20  0.00 2 1
 20190204 1200  1.10 11.00  5.00 2 1
 20190205 1200  0.00  0.40  1.00 2 1
 20190206 1200  0.00  0.30  0.00 2 1
 20190207 1200  0.00  0.30  0.00 2 1
 20190208 1200  0.00  0.30  0.00 2 1
 20190209 1200  0.00  0.50  1.00 2 1
 20190210 1200  0.00  0.30  0.00 2 1
 20190211 1200  0.00  0.30  0.00 2 1
 20190212 1200  0.00  0.70  1.00 2 1
 20190213 1200  0.00  0.30  0.00 2 1
 20190214 1200  0.00  0.30  0.00 2 1
 20190215 1200  0.00  0.30  0.00 2 1
 20190216 1200  0.00  0.30  1.00 2 1
 20190217 1200  0.00  0.20  0.00 2 1
 20190218 1200  0.00  0.20  0.00 2 1
 20190219 1200  0.00  0.40  0.00 2 1
 20190220 1200  0.00  0.30  0.00 2 1
 20190221 1200  0.00  0.40  0.00 2 1
 20190222 1200  0.00  0.30  0.00 2 1
 20190223 1200  0.00  0.30  0.00 2 1
 20190224 1200  0.00  0.30  0.00 2 1
 20190225 1200  0.00  0.30  0.00 2 1
 20190226 1200  0.00  0.30  0.00 2 1
 20190227 1200  0.00  0.30  0.00 2 1
 20190228 1200  0.10  1.00  2.00 2 1
 20190301 1200  0.00  0.20  0.00 2 1
 20190302 1200  0.00  0.20  0.00 2 1
 20190303 1200  0.00  0.30  0.00 2 1
 20190304 1200  0.00  0.30  0.00 2 1
 20190305 1200  0.00  0.80  1.00 2 1
 20190306 1200  0.00  0.40  2.00 2 1
 20190307 1200  0.00  0.30  0.00 2 1
 20190308 1200  0.00  0.20  0.00 2 1
 20190309 1200  0.00  0.40  1.00 2 1
 20190310 1200  0.00  0.30  0.00 2 1
 20190311 1200  0.00  0.30  0.00 2 1
 20190312 1200  0.00  0.30  0.00 2 1
 20190313 1200  0.00  0.30  0.00 2 1
 20190314 1200  0.00  0.20  0.00 2 1
 20190315 1200  0.00  0.30  0.00 2 1
 20190316 1200  0.00  0.30  0.00 2 1
 20190317 1200  0.00  0.30  0.00 2 1
 20190318 1200  0.00  0.30  0.00 2 1
 20190319 1200  0.00  0.20  0.00 2 1
 20190320 1200  0.00  0.20  0.00 2 1
 20190321 1200  0.00  0.20  0.00 2 1
 20190322 1200  0.00  0.20  0.00 2 1
 20190323 1200  0.00  0.20  0.00 2 1
 20190324 1200  0.00  0.20  0.00 2 1
 20190325 1200  0.00  0.20  0.00 2 1
 20190326 1200  0.00  0.20  0.00 2 1
 20190327 1200  0.00  0.20  0.00 2 1
 20190328 1200  0.00  0.40  0.00 2 1
 20190329 1200  0.10  1.20  1.00 2 1
 20190330 1200  0.00  0.40  0.00 2 1
 20190331 1200  0.10  0.70  1.00 2 1
 20190401 1200  0.30  3.80  2.00 2 1
 20190402 1200  0.00  0.30  0.00 2 1
 20190403 1200  0.60  5.00  4.00 2 1
 20190404 1200  0.20 15.00  3.00 2 1
 20190405 1200  0.00  0.20  0.00 2 1
 20190406 1200  0.00  0.20  0.00 2 1
 20190407 1200  0.10  0.70  1.00 2 1
 20190408 1200  0.00  0.10  0.00 2 1
 20190409 1200  0.10  2.40  1.00 2 1
 20190410 1200  0.20  3.30  1.00 2 1
 20190411 1200  0.00  0.20  0.00 2 1
 20190412 1200  0.00  0.20  0.00 2 1
 20190413 1200  0.00  0.20  0.00 2 1
 20190414 1200  0.00  0.20  0.00 2 1
 20190415 1200  0.00  0.20  0.00 2 1
 20190416 1200  0.40 13.10  0.00 2 1
 20190417 1200  0.10 14.30  1.00 2 1
 20190418 1200  0.00  0.20  0.00 2 1
 20190419 1200  0.00  0.20  0.00 2 1
 20190420 1200  0.00  0.30  0.00 2 1
 20190421 1200  0.00  0.20  0.00 2 1
 20190422 1200  0.00  0.40  0.00 2 1
 20190423 1200  0.00  0.20  0.00 2 1
 20190424 1200  0.00  0.20  0.00 2 1
 20190425 1200  0.00  0.20  0.00 2 1
 20190426 1200  0.00  0.10  0.00 2 1
 20190427 1200  1.20  6.70  8.00 2 1
 20190428 1200  1.30  6.60  9.00 2 1
 20190429 1200  2.10  7.50 20.00 2 1
 20190430 1200  0.60  3.20  8.00 2 1
 20190501 1200  0.00  0.60  1.00 2 1
 20190502 1200  0.00  0.20  0.00 2 1
 20190503 1200  0.10  1.20  1.00 2 1
 20190504 1200  0.00  0.30  0.00 2 1
 20190505 1200  0.00  0.20  0.00 2 1
 20190506 1200  0.00  0.20  0.00 2 1
 20190507 1200  0.00  0.20  0.00 2 1
 20190508 1200  0.00  0.20  0.00 2 1
 20190509 1200  0.00  0.20  0.00 2 1
 20190510 1200  0.00  0.20  0.00 2 1
 20190511 1200  0.60  4.10  6.00 2 1
 20190512 1200  0.60  3.40 11.00 2 1
 20190513 1200  0.00  0.20  0.00 2 1
 20190514 1200  0.00  0.20  0.00 2 1
 20190515 1200  0.00  0.20  0.00 2 1
 20190516 1200  0.40  5.40  2.00 2 1
 20190517 1200  0.10  1.30  1.00 2 1
 20190518 1200  0.00  0.30  0.00 2 1
 20190519 1200  0.00  0.20  0.00 2 1
 20190520 1200  0.90  9.00  9.00 2 1
 20190521 1200  0.00  0.20  0.00 2 1
 20190522 1200  0.00  1.10  1.00 2 1
 20190523 1200  0.00  0.20  0.00 2 1
 20190524 1200  0.00  0.20  0.00 2 1
 20190525 1200  0.00  0.30  1.00 2 1
 20190526 1200  0.00  0.20  0.00 2 1
 20190527 1200  0.00  0.20  0.00 2 1
 20190528 1200  0.00  0.30  0.00 2 1
 20190529 1200  0.10  2.00  1.00 2 1
 20190530 1200  0.10  0.60  3.00 2 1
 20190531 1200  0.10  1.20  3.00 2 1
 20190601 1200  0.50  3.80  4.00 2 1
 20190602 1200  0.00  0.80  7.00 2 1
 20190603 1200  0.00  0.50  2.00 2 1
 20190604 1200  0.00  0.50  1.00 2 1
 20190605 1200  0.00  0.40  0.00 2 1
 20190606 1200  0.00  0.40  1.00 2 1
 20190607 1200  0.00  0.70  5.00 2 1
 20190608 1200  0.00  0.60  4.00 2 1
 20190609 1200  0.40  4.10  6.00 2 1
 20190610 1200  0.00  0.30  0.00 2 1
 20190611 1200  0.00  0.30  0.00 2 1
 20190612 1200  0.00  0.40  0.00 2 1
 20190613 1200  0.20  2.00  2.00 2 1
 20190614 1200  0.00  0.20  0.00 2 1
 20190615 1200  0.00  0.20  0.00 2 1
 20190616 1200  0.00  0.30  0.00 2 1
 20190617 1200  0.00  0.30  0.00 2 1
 20190618 1200  0.00  0.20  0.00 2 1
 20190619 1200  0.00  0.20  0.00 2 1
 20190620 1200  0.00  0.40  0.00 2 1
 20190621 1200  0.00  0.20  0.00 2 1
 20190622 1200  0.00  0.20  0.00 2 1
 20190623 1200  0.00  0.20  0.00 2 1
 20190624 1200  0.90  4.00 18.00 2 1
 20190625 1200  0.20  2.40  2.00 2 1
 20190626 1200  0.10  1.40  1.00 2 1
 20190627 1200  0.00  0.50  0.00 2 1
 20190628 1200  0.00  0.70  1.00 2 1
 20190629 1200 -0.10  0.30  0.00 2 1
 20190630 1200  0.00  0.20  0.00 2 1
 20190701 1200  0.00  0.20  0.00 2 1
 20190702 1200  0.00  0.30  0.00 2 1
 20190703 1200  0.00  0.20  0.00 2 1
 20190704 1200  0.00  0.20  0.00 2 1
 20190705 1200  0.00  0.80  1.00 2 1
 20190706 1200  0.00  0.20  0.00 2 1
 20190707 1200  0.00  0.20  0.00 2 1
 20190708 1200  0.00  0.20  0.00 2 1
 20190709 1200  0.00  0.20  0.00 2 1
 20190710 1200  0.00  0.20  0.00 2 1
 20190711 1200  0.00  0.20  0.00 2 1
 20190712 1200  0.00  0.20  0.00 2 1
 20190713 1200  0.00  0.20  0.00 2 1
 20190714 1200  0.00  0.30  1.00 2 1
 20190715 1200  0.00  0.20  0.00 2 1
 20190716 1200  0.00  0.20  0.00 2 1
 20190717 1200  0.00  0.20  0.00 2 1
 20190718 1200  0.00  0.30  0.00 2 1
 20190719 1200  0.40  2.00 10.00 2 1
 20190720 1200  0.90  7.80 18.00 2 1
 20190721 1200  0.00  0.80  3.00 2 1
 20190722 1200  0.10  1.70  2.00 2 1
 20190723 1200  0.00  0.30  0.00 2 1
 20190724 1200  0.00  0.40  1.00 2 1
 20190725 1200  0.00  0.30  0.00 2 1
 20190726 1200  0.00  0.30  0.00 2 1
 20190727 1200  0.00  0.20  0.00 2 1
 20190728 1200  0.00  0.30  0.00 2 1
 20190729 1200  0.00  0.30  0.00 2 1
 20190730 1200  0.00  0.30  0.00 2 1
 20190731 1200  0.00  0.40  1.00 2 1
 20190801 1200  0.00  0.40  1.00 2 1
 20190802 1200  0.00  0.30  1.00 2 1
 20190803 1200  0.00  1.00 11.00 2 1
 20190804 1200  0.00  0.30  0.00 2 1
 20190805 1200  0.00  0.30  0.00 2 1
 20190806 1200  0.00  0.20  0.00 2 1
 20190807 1200  0.00  0.40  1.00 2 1
 Time: 1200 28 Nov 2019 to 1200 21 Feb 2020 (index  4762 to  4847,   86 times)
 Depth (M):     -4.0  -4.0  -4.0 QUALITY and SOURCE
 YYYYMMDD HHMM  Prec StDev %Time Q S
 20191128 1200  0.80 17.70  2.00 2 1
 20191129 1200  0.30 17.20  3.00 2 1
 20191130 1200  0.80  9.30  5.00 2 1
 20191201 1200  0.40  9.70 12.00 2 1
 20191202 1200  0.10 16.30 25.00 2 1
 20191203 1200  0.00  0.20  0.00 2 1
 20191204 1200  0.00  0.50  1.00 2 1
 20191205 1200  0.00  0.40  1.00 2 1
 20191206 1200  0.10  2.00  1.00 2 1
 20191207 1200  0.40  4.00  3.00 2 1
 20191208 1200  0.10  2.90  2.00 2 1
 20191209 1200  0.00  0.30  0.00 2 1
 20191210 1200  0.00  0.40  1.00 2 1
 20191211 1200  0.00  0.20  0.00 2 1
 20191212 1200  0.00  0.60  0.00 2 1
 20191213 1200  0.00  0.20  0.00 2 1
 20191214 1200  0.00  0.30  0.00 2 1
 20191215 1200  0.20  6.60  2.00 2 1
 20191216 1200  0.00  0.40  0.00 2 1
 20191217 1200  0.00  0.30  0.00 2 1
 20191218 1200  0.00  0.30  0.00 2 1
 20191219 1200  0.90 23.10  5.00 2 1
 20191220 1200  0.50  3.50  8.00 2 1
 20191221 1200  1.00  6.50  8.00 2 1
 20191222 1200  0.00  0.20  0.00 2 1
 20191223 1200  0.00  0.30  0.00 2 1
 20191224 1200  0.00  0.20  0.00 2 1
 20191225 1200  0.00  0.20  0.00 2 1
 20191226 1200  0.00  0.30  0.00 2 1
 20191227 1200  0.00  0.20  0.00 2 1
 20191228 1200  0.00  0.20  0.00 2 1
 20191229 1200  0.00  0.20  0.00 2 1
 20191230 1200  0.00  0.20  0.00 2 1
 20191231 1200  0.00  0.20  0.00 2 1
 20200101 1200  0.00  0.20  0.00 2 1
 20200102 1200  0.00  0.20  0.00 2 1
 20200103 1200  0.00  0.20  0.00 2 1
 20200104 1200  0.00  0.20  0.00 2 1
 20200105 1200  0.10  2.00  0.00 2 1
 20200106 1200  0.00  0.20  0.00 2 1
 20200107 1200  0.00  0.30  0.00 2 1
 20200108 1200  0.00  0.20  0.00 2 1
 20200109 1200  0.10  1.50  1.00 2 1
 20200110 1200  0.00  0.20  0.00 2 1
 20200111 1200  0.00  0.30  0.00 2 1
 20200112 1200  0.00  0.20  0.00 2 1
 20200113 1200  0.00  0.20  0.00 2 1
 20200114 1200  0.00  0.20  0.00 2 1
 20200115 1200  0.00  0.20  0.00 2 1
 20200116 1200  0.00  0.20  0.00 2 1
 20200117 1200  0.00  0.20  0.00 2 1
 20200118 1200  0.00  0.20  0.00 2 1
 20200119 1200  0.00  0.20  0.00 2 1
 20200120 1200  0.00  0.20  0.00 2 1
 20200121 1200  0.00  3.50  1.00 2 1
 20200122 1200  0.20  2.70  2.00 2 1
 20200123 1200  0.00  0.20  0.00 2 1
 20200124 1200  0.00  0.20  0.00 2 1
 20200125 1200  0.00  0.20  0.00 2 1
 20200126 1200  0.00  0.20  0.00 2 1
 20200127 1200  0.00  0.20  0.00 2 1
 20200128 1200  0.00  0.20  0.00 2 1
 20200129 1200  0.00  0.20  0.00 2 1
 20200130 1200  0.00  0.20  0.00 2 1
 20200131 1200  0.00  0.20  0.00 2 1
 20200201 1200  0.00  0.20  0.00 2 1
 20200202 1200  0.00  0.20  0.00 2 1
 20200203 1200  0.00  0.20  0.00 2 1
 20200204 1200  0.00  0.30  0.00 2 1
 20200205 1200  0.00  0.30  0.00 2 1
 20200206 1200  0.00  0.20  0.00 2 1
 20200207 1200  0.00  0.20  0.00 2 1
 20200208 1200  0.00  0.20  0.00 2 1
 20200209 1200  0.00  0.30  0.00 2 1
 20200210 1200  0.00  0.50  0.00 2 1
 20200211 1200  0.10  1.60  1.00 2 1
 20200212 1200  0.00  0.30  0.00 2 1
 20200213 1200  0.00  0.30  0.00 2 1
 20200214 1200  0.00  0.20  0.00 2 1
 20200215 1200  0.00  0.20  0.00 2 1
 20200216 1200  0.00  0.20  0.00 2 1
 20200217 1200  0.00  0.80  0.00 2 1
 20200218 1200  0.00  0.20  0.00 2 1
 20200219 1200  0.00  0.30  0.00 2 1
 20200220 1200  0.00  0.30  1.00 2 1
 20200221 1200  0.10  1.20  1.00 2 1
