 Location:  8N  90E  14 Nov 2006 to 21 Feb 2020 ( 4848 times,  7 blocks) Gen. Date Feb 18 2025
 Units: Sea Surface Temperature (C), -9.99 = missing
 Time: 1200 14 Nov 2006 to 1200  1 May 2009 (index     1 to   900,  900 times)
 Depth (M):        1 QUALITY SOURCE
 YYYYMMDD HHMM   SST Q S
 20061114 1200 29.27 1 5
 20061115 1200 29.04 1 5
 20061116 1200 28.62 1 5
 20061117 1200 28.79 1 5
 20061118 1200 28.86 1 5
 20061119 1200 28.73 1 5
 20061120 1200 28.99 1 5
 20061121 1200 28.84 1 5
 20061122 1200 29.04 1 5
 20061123 1200 29.29 1 5
 20061124 1200 29.39 1 5
 20061125 1200 29.23 1 5
 20061126 1200 29.37 1 5
 20061127 1200 29.23 1 5
 20061128 1200 29.13 1 5
 20061129 1200 29.15 1 5
 20061130 1200 29.16 1 5
 20061201 1200 29.09 1 5
 20061202 1200 29.01 1 5
 20061203 1200 28.95 1 5
 20061204 1200 28.95 1 5
 20061205 1200 28.95 1 5
 20061206 1200 28.93 1 5
 20061207 1200 28.94 1 5
 20061208 1200 29.03 1 5
 20061209 1200 29.07 1 5
 20061210 1200 29.09 1 5
 20061211 1200 29.06 1 5
 20061212 1200 29.04 1 5
 20061213 1200 28.97 1 5
 20061214 1200 28.93 1 5
 20061215 1200 28.89 1 5
 20061216 1200 28.90 1 5
 20061217 1200 28.91 1 5
 20061218 1200 28.89 1 5
 20061219 1200 28.93 1 5
 20061220 1200 28.77 1 5
 20061221 1200 28.29 1 5
 20061222 1200 28.15 1 5
 20061223 1200 28.17 1 5
 20061224 1200 28.17 1 5
 20061225 1200 28.07 1 5
 20061226 1200 28.02 1 5
 20061227 1200 27.98 1 5
 20061228 1200 27.90 1 5
 20061229 1200 27.77 1 5
 20061230 1200 27.62 1 5
 20061231 1200 27.53 1 5
 20070101 1200 27.51 1 5
 20070102 1200 27.45 1 5
 20070103 1200 27.41 1 5
 20070104 1200 27.41 1 5
 20070105 1200 27.63 1 5
 20070106 1200 27.92 1 5
 20070107 1200 27.84 1 5
 20070108 1200 27.95 1 5
 20070109 1200 27.74 1 5
 20070110 1200 27.81 1 5
 20070111 1200 27.84 1 5
 20070112 1200 27.86 1 5
 20070113 1200 27.87 1 5
 20070114 1200 27.99 1 5
 20070115 1200 27.92 1 5
 20070116 1200 27.75 1 5
 20070117 1200 27.79 1 5
 20070118 1200 27.86 1 5
 20070119 1200 27.93 1 5
 20070120 1200 28.08 1 5
 20070121 1200 28.18 1 5
 20070122 1200 28.25 1 5
 20070123 1200 28.11 1 5
 20070124 1200 28.18 1 5
 20070125 1200 28.41 1 5
 20070126 1200 28.04 1 5
 20070127 1200 28.14 1 5
 20070128 1200 28.22 1 5
 20070129 1200 28.17 1 5
 20070130 1200 27.69 1 5
 20070131 1200 27.74 1 5
 20070201 1200 28.07 1 5
 20070202 1200 28.23 1 5
 20070203 1200 28.25 1 5
 20070204 1200 28.30 1 5
 20070205 1200 28.35 1 5
 20070206 1200 28.38 1 5
 20070207 1200 28.41 1 5
 20070208 1200 28.44 1 5
 20070209 1200 28.38 1 5
 20070210 1200 28.55 1 5
 20070211 1200 28.65 1 5
 20070212 1200 28.69 1 5
 20070213 1200 28.75 1 5
 20070214 1200 28.90 1 5
 20070215 1200 28.78 1 5
 20070216 1200 28.76 1 5
 20070217 1200 28.74 1 5
 20070218 1200 28.53 1 5
 20070219 1200 28.35 1 5
 20070220 1200 28.25 1 5
 20070221 1200 28.19 1 5
 20070222 1200 28.19 1 5
 20070223 1200 28.26 1 5
 20070224 1200 28.58 1 5
 20070225 1200 28.23 1 5
 20070226 1200 28.52 1 5
 20070227 1200 28.44 1 5
 20070228 1200 28.38 1 5
 20070301 1200 28.38 1 5
 20070302 1200 28.66 1 5
 20070303 1200 28.38 1 5
 20070304 1200 28.41 1 5
 20070305 1200 28.54 1 5
 20070306 1200 28.54 1 5
 20070307 1200 28.63 1 5
 20070308 1200 28.54 1 5
 20070309 1200 28.71 1 5
 20070310 1200 28.79 1 5
 20070311 1200 28.83 1 5
 20070312 1200 28.90 1 5
 20070313 1200 28.87 1 5
 20070314 1200 28.88 1 5
 20070315 1200 28.79 1 5
 20070316 1200 29.09 1 5
 20070317 1200 28.91 1 5
 20070318 1200 28.82 1 5
 20070319 1200 28.89 1 5
 20070320 1200 28.95 1 5
 20070321 1200 29.11 1 5
 20070322 1200 28.93 1 5
 20070323 1200 28.88 1 5
 20070324 1200 28.96 1 5
 20070325 1200 28.81 1 5
 20070326 1200 28.97 1 5
 20070327 1200 28.93 1 5
 20070328 1200 29.00 1 5
 20070329 1200 29.10 1 5
 20070330 1200 29.22 1 5
 20070331 1200 29.25 1 5
 20070401 1200 29.23 1 5
 20070402 1200 29.23 1 5
 20070403 1200 29.31 1 5
 20070404 1200 29.31 1 5
 20070405 1200 29.18 1 5
 20070406 1200 29.13 1 5
 20070407 1200 29.05 1 5
 20070408 1200 28.99 1 5
 20070409 1200 29.24 1 5
 20070410 1200 29.37 1 5
 20070411 1200 29.56 1 5
 20070412 1200 29.66 1 5
 20070413 1200 29.53 1 5
 20070414 1200 29.42 1 5
 20070415 1200 29.26 1 5
 20070416 1200 28.96 1 5
 20070417 1200 29.19 1 5
 20070418 1200 29.51 1 5
 20070419 1200 29.82 1 5
 20070420 1200 30.18 1 5
 20070421 1200 30.59 1 5
 20070422 1200 29.73 1 5
 20070423 1200 30.30 1 5
 20070424 1200 30.24 1 5
 20070425 1200 30.24 1 5
 20070426 1200 30.07 1 5
 20070427 1200 29.51 1 5
 20070428 1200 29.28 1 5
 20070429 1200 29.60 1 5
 20070430 1200 29.98 1 5
 20070501 1200 29.96 1 5
 20070502 1200 30.02 1 5
 20070503 1200 29.91 1 5
 20070504 1200 29.74 1 5
 20070505 1200 29.65 1 5
 20070506 1200 29.91 1 5
 20070507 1200 29.66 1 5
 20070508 1200 29.89 1 5
 20070509 1200 29.74 1 5
 20070510 1200 29.57 1 5
 20070511 1200 29.67 1 5
 20070512 1200 29.49 1 5
 20070513 1200 29.30 1 5
 20070514 1200 29.21 1 5
 20070515 1200 29.24 1 5
 20070516 1200 29.22 1 5
 20070517 1200 29.24 1 5
 20070518 1200 29.30 1 5
 20070519 1200 29.28 1 5
 20070520 1200 29.30 1 5
 20070521 1200 29.30 1 5
 20070522 1200 29.38 1 5
 20070523 1200 29.47 1 5
 20070524 1200 29.68 1 5
 20070525 1200 29.70 1 5
 20070526 1200 29.71 1 5
 20070527 1200 29.94 1 5
 20070528 1200 29.89 1 5
 20070529 1200 29.72 1 5
 20070530 1200 29.69 1 5
 20070531 1200 29.88 1 5
 20070601 1200 29.84 1 5
 20070602 1200 29.84 1 5
 20070603 1200 29.84 1 5
 20070604 1200 29.80 1 5
 20070605 1200 29.83 1 5
 20070606 1200 29.78 1 5
 20070607 1200 29.73 1 5
 20070608 1200 29.57 1 5
 20070609 1200 29.65 1 5
 20070610 1200 29.70 1 5
 20070611 1200 29.67 1 5
 20070612 1200 29.63 1 5
 20070613 1200 29.54 1 5
 20070614 1200 29.56 1 5
 20070615 1200 29.52 1 5
 20070616 1200 29.48 1 5
 20070617 1200 29.44 1 5
 20070618 1200 29.37 1 5
 20070619 1200 29.21 1 5
 20070620 1200 29.07 1 5
 20070621 1200 29.03 1 5
 20070622 1200 29.00 1 5
 20070623 1200 29.29 1 5
 20070624 1200 29.47 1 5
 20070625 1200 29.29 1 5
 20070626 1200 29.13 1 5
 20070627 1200 29.02 1 5
 20070628 1200 29.04 1 5
 20070629 1200 29.15 1 5
 20070630 1200 29.16 1 5
 20070701 1200 29.19 1 5
 20070702 1200 29.22 1 5
 20070703 1200 29.20 1 5
 20070704 1200 29.13 1 5
 20070705 1200 29.11 1 5
 20070706 1200 29.08 1 5
 20070707 1200 29.06 1 5
 20070708 1200 29.05 1 5
 20070709 1200 29.10 1 5
 20070710 1200 29.07 1 5
 20070711 1200 29.02 1 5
 20070712 1200 28.97 1 5
 20070713 1200 28.95 1 5
 20070714 1200 28.94 1 5
 20070715 1200 29.01 1 5
 20070716 1200 29.01 1 5
 20070717 1200 28.99 1 5
 20070718 1200 29.01 1 5
 20070719 1200 28.88 1 5
 20070720 1200 28.84 1 5
 20070721 1200 28.80 1 5
 20070722 1200 28.66 1 5
 20070723 1200 28.64 1 5
 20070724 1200 28.62 1 5
 20070725 1200 28.71 1 5
 20070726 1200 28.87 1 5
 20070727 1200 28.82 1 5
 20070728 1200 28.69 1 5
 20070729 1200 28.63 1 5
 20070730 1200 28.65 1 5
 20070731 1200 28.63 1 5
 20070801 1200 28.65 1 5
 20070802 1200 28.67 1 5
 20070803 1200 28.72 1 5
 20070804 1200 28.70 1 5
 20070805 1200 28.70 1 5
 20070806 1200 28.62 1 5
 20070807 1200 28.65 1 5
 20070808 1200 28.67 1 5
 20070809 1200 28.67 1 5
 20070810 1200 28.66 1 5
 20070811 1200 28.65 1 5
 20070812 1200 28.66 1 5
 20070813 1200 28.67 1 5
 20070814 1200 28.66 1 5
 20070815 1200 28.64 1 5
 20070816 1200 28.49 1 5
 20070817 1200 28.47 1 5
 20070818 1200 28.52 1 5
 20070819 1200 28.56 1 5
 20070820 1200 28.60 1 5
 20070821 1200 28.57 1 5
 20070822 1200 28.56 1 5
 20070823 1200 28.50 1 5
 20070824 1200 28.43 1 5
 20070825 1200 28.41 1 5
 20070826 1200 28.48 1 5
 20070827 1200 28.51 1 5
 20070828 1200 28.50 1 5
 20070829 1200 28.49 1 5
 20070830 1200 28.60 1 5
 20070831 1200 28.57 1 5
 20070901 1200 28.56 1 5
 20070902 1200 28.51 1 5
 20070903 1200 28.53 1 5
 20070904 1200 28.56 1 5
 20070905 1200 28.63 1 5
 20070906 1200 28.70 1 5
 20070907 1200 28.76 1 5
 20070908 1200 28.73 1 5
 20070909 1200 28.70 1 5
 20070910 1200 28.96 1 5
 20070911 1200 28.74 1 5
 20070912 1200 28.65 1 5
 20070913 1200 28.44 1 5
 20070914 1200 28.49 1 5
 20070915 1200 28.48 1 5
 20070916 1200 28.52 1 5
 20070917 1200 28.51 1 5
 20070918 1200 28.49 1 5
 20070919 1200 28.48 1 5
 20070920 1200 28.47 1 5
 20070921 1200 28.44 1 5
 20070922 1200 28.44 1 5
 20070923 1200 28.47 1 5
 20070924 1200 28.52 1 5
 20070925 1200 28.55 1 5
 20070926 1200 28.39 1 5
 20070927 1200 28.41 1 5
 20070928 1200 28.32 1 5
 20070929 1200 28.34 1 5
 20070930 1200 28.38 1 5
 20071001 1200 28.47 1 5
 20071002 1200 28.45 1 5
 20071003 1200 28.40 1 5
 20071004 1200 28.40 1 5
 20071005 1200 28.39 1 5
 20071006 1200 28.33 1 5
 20071007 1200 28.27 1 5
 20071008 1200 28.28 1 5
 20071009 1200 -9.99 0 0
 20071010 1200 28.56 4 5
 20071011 1200 28.87 4 5
 20071012 1200 28.80 4 5
 20071013 1200 28.67 4 5
 20071014 1200 28.58 4 5
 20071015 1200 28.63 4 5
 20071016 1200 28.77 4 5
 20071017 1200 29.00 4 5
 20071018 1200 28.97 4 5
 20071019 1200 28.96 4 5
 20071020 1200 28.96 4 5
 20071021 1200 28.73 4 5
 20071022 1200 28.72 4 5
 20071023 1200 28.26 4 5
 20071024 1200 28.25 4 5
 20071025 1200 28.29 4 5
 20071026 1200 28.50 4 5
 20071027 1200 28.40 4 5
 20071028 1200 28.23 4 5
 20071029 1200 28.15 4 5
 20071030 1200 28.30 4 5
 20071031 1200 28.24 4 5
 20071101 1200 28.35 4 5
 20071102 1200 28.25 4 5
 20071103 1200 28.36 4 5
 20071104 1200 28.67 4 5
 20071105 1200 28.89 4 5
 20071106 1200 28.90 4 5
 20071107 1200 28.79 4 5
 20071108 1200 28.80 4 5
 20071109 1200 28.64 4 5
 20071110 1200 28.63 4 5
 20071111 1200 28.60 4 5
 20071112 1200 28.57 4 5
 20071113 1200 28.54 4 5
 20071114 1200 28.69 4 5
 20071115 1200 28.85 4 5
 20071116 1200 29.00 4 5
 20071117 1200 28.71 4 5
 20071118 1200 28.75 4 5
 20071119 1200 28.73 4 5
 20071120 1200 28.74 4 5
 20071121 1200 28.64 4 5
 20071122 1200 28.74 4 5
 20071123 1200 28.95 4 5
 20071124 1200 28.86 4 5
 20071125 1200 28.89 4 5
 20071126 1200 28.94 4 5
 20071127 1200 29.32 4 5
 20071128 1200 28.99 4 5
 20071129 1200 28.82 4 5
 20071130 1200 28.85 4 5
 20071201 1200 28.74 4 5
 20071202 1200 28.72 4 5
 20071203 1200 28.69 4 5
 20071204 1200 28.66 4 5
 20071205 1200 28.56 4 5
 20071206 1200 27.91 4 5
 20071207 1200 28.02 4 5
 20071208 1200 27.96 4 5
 20071209 1200 28.06 4 5
 20071210 1200 27.97 4 5
 20071211 1200 28.13 4 5
 20071212 1200 28.20 4 5
 20071213 1200 28.08 4 5
 20071214 1200 28.10 4 5
 20071215 1200 27.88 4 5
 20071216 1200 27.95 4 5
 20071217 1200 28.04 4 5
 20071218 1200 28.11 4 5
 20071219 1200 28.14 4 5
 20071220 1200 28.11 4 5
 20071221 1200 28.14 4 5
 20071222 1200 28.20 4 5
 20071223 1200 28.25 4 5
 20071224 1200 28.17 4 5
 20071225 1200 28.16 4 5
 20071226 1200 28.14 4 5
 20071227 1200 28.12 4 5
 20071228 1200 28.18 4 5
 20071229 1200 28.13 4 5
 20071230 1200 28.05 4 5
 20071231 1200 28.04 4 5
 20080101 1200 27.99 4 5
 20080102 1200 28.09 4 5
 20080103 1200 28.13 4 5
 20080104 1200 28.03 4 5
 20080105 1200 27.98 4 5
 20080106 1200 28.09 4 5
 20080107 1200 28.00 4 5
 20080108 1200 27.97 4 5
 20080109 1200 28.01 4 5
 20080110 1200 28.02 4 5
 20080111 1200 28.26 4 5
 20080112 1200 28.08 4 5
 20080113 1200 28.20 4 5
 20080114 1200 28.47 4 5
 20080115 1200 28.42 4 5
 20080116 1200 28.50 4 5
 20080117 1200 28.50 4 5
 20080118 1200 28.38 4 5
 20080119 1200 28.36 4 5
 20080120 1200 28.30 4 5
 20080121 1200 28.30 4 5
 20080122 1200 28.24 4 5
 20080123 1200 28.22 4 5
 20080124 1200 28.31 4 5
 20080125 1200 28.37 4 5
 20080126 1200 28.35 4 5
 20080127 1200 28.42 4 5
 20080128 1200 28.44 4 5
 20080129 1200 28.86 4 5
 20080130 1200 28.63 4 5
 20080131 1200 29.10 4 5
 20080201 1200 29.28 4 5
 20080202 1200 29.09 4 5
 20080203 1200 29.17 4 5
 20080204 1200 29.40 4 5
 20080205 1200 29.31 4 5
 20080206 1200 29.24 4 5
 20080207 1200 29.03 4 5
 20080208 1200 29.10 4 5
 20080209 1200 28.99 4 5
 20080210 1200 29.01 4 5
 20080211 1200 28.86 4 5
 20080212 1200 28.69 4 5
 20080213 1200 28.63 4 5
 20080214 1200 28.58 4 5
 20080215 1200 28.55 4 5
 20080216 1200 28.40 4 5
 20080217 1200 28.38 4 5
 20080218 1200 28.44 4 5
 20080219 1200 28.54 4 5
 20080220 1200 28.53 4 5
 20080221 1200 28.54 4 5
 20080222 1200 28.52 4 5
 20080223 1200 28.63 4 5
 20080224 1200 28.60 4 5
 20080225 1200 29.02 4 5
 20080226 1200 28.83 4 5
 20080227 1200 28.66 4 5
 20080228 1200 28.83 4 5
 20080229 1200 28.96 4 5
 20080301 1200 29.14 4 5
 20080302 1200 28.97 4 5
 20080303 1200 28.62 4 5
 20080304 1200 28.46 4 5
 20080305 1200 28.84 4 5
 20080306 1200 28.56 4 5
 20080307 1200 28.34 4 5
 20080308 1200 28.50 4 5
 20080309 1200 28.38 4 5
 20080310 1200 28.60 4 5
 20080311 1200 28.59 4 5
 20080312 1200 28.81 4 5
 20080313 1200 28.90 4 5
 20080314 1200 28.79 4 5
 20080315 1200 28.70 4 5
 20080316 1200 28.95 4 5
 20080317 1200 28.90 4 5
 20080318 1200 29.24 4 5
 20080319 1200 29.47 4 5
 20080320 1200 29.61 4 5
 20080321 1200 29.91 4 5
 20080322 1200 29.88 4 5
 20080323 1200 30.06 4 5
 20080324 1200 29.65 4 5
 20080325 1200 29.21 4 5
 20080326 1200 29.10 4 5
 20080327 1200 29.01 4 5
 20080328 1200 28.64 4 5
 20080329 1200 28.73 4 5
 20080330 1200 28.68 4 5
 20080331 1200 28.91 4 5
 20080401 1200 29.07 4 5
 20080402 1200 29.27 4 5
 20080403 1200 29.72 4 5
 20080404 1200 29.44 4 5
 20080405 1200 29.17 4 5
 20080406 1200 29.03 4 5
 20080407 1200 28.92 4 5
 20080408 1200 29.13 4 5
 20080409 1200 29.15 4 5
 20080410 1200 29.53 4 5
 20080411 1200 29.47 4 5
 20080412 1200 29.79 4 5
 20080413 1200 29.74 4 5
 20080414 1200 29.75 4 5
 20080415 1200 30.01 4 5
 20080416 1200 30.08 4 5
 20080417 1200 30.15 4 5
 20080418 1200 30.21 4 5
 20080419 1200 29.93 4 5
 20080420 1200 29.92 4 5
 20080421 1200 29.90 4 5
 20080422 1200 29.99 4 5
 20080423 1200 29.85 4 5
 20080424 1200 29.74 4 5
 20080425 1200 29.66 4 5
 20080426 1200 29.69 4 5
 20080427 1200 29.54 4 5
 20080428 1200 29.31 4 5
 20080429 1200 29.28 4 5
 20080430 1200 29.31 4 5
 20080501 1200 29.24 4 5
 20080502 1200 29.22 4 5
 20080503 1200 29.20 4 5
 20080504 1200 29.23 4 5
 20080505 1200 29.25 4 5
 20080506 1200 29.25 4 5
 20080507 1200 29.26 4 5
 20080508 1200 29.27 4 5
 20080509 1200 29.24 4 5
 20080510 1200 29.25 4 5
 20080511 1200 29.23 4 5
 20080512 1200 29.15 4 5
 20080513 1200 29.13 4 5
 20080514 1200 29.12 4 5
 20080515 1200 29.09 4 5
 20080516 1200 29.05 4 5
 20080517 1200 29.05 4 5
 20080518 1200 29.07 4 5
 20080519 1200 29.08 4 5
 20080520 1200 29.10 4 5
 20080521 1200 29.20 4 5
 20080522 1200 29.28 4 5
 20080523 1200 29.39 4 5
 20080524 1200 29.29 4 5
 20080525 1200 29.23 4 5
 20080526 1200 29.26 4 5
 20080527 1200 29.35 4 5
 20080528 1200 29.38 4 5
 20080529 1200 29.41 4 5
 20080530 1200 29.35 4 5
 20080531 1200 29.27 4 5
 20080601 1200 28.92 4 5
 20080602 1200 29.20 4 5
 20080603 1200 29.14 4 5
 20080604 1200 29.21 4 5
 20080605 1200 29.24 4 5
 20080606 1200 29.17 4 5
 20080607 1200 29.10 4 5
 20080608 1200 29.18 4 5
 20080609 1200 29.06 4 5
 20080610 1200 29.06 4 5
 20080611 1200 29.05 4 5
 20080612 1200 28.98 4 5
 20080613 1200 29.00 4 5
 20080614 1200 29.01 4 5
 20080615 1200 29.06 4 5
 20080616 1200 29.00 4 5
 20080617 1200 29.04 4 5
 20080618 1200 29.04 4 5
 20080619 1200 29.07 4 5
 20080620 1200 29.07 4 5
 20080621 1200 29.05 4 5
 20080622 1200 29.06 4 5
 20080623 1200 29.01 4 5
 20080624 1200 28.98 4 5
 20080625 1200 28.97 4 5
 20080626 1200 28.98 4 5
 20080627 1200 29.00 4 5
 20080628 1200 28.97 4 5
 20080629 1200 28.97 4 5
 20080630 1200 28.99 4 5
 20080701 1200 29.06 4 5
 20080702 1200 29.02 4 5
 20080703 1200 29.06 4 5
 20080704 1200 29.04 4 5
 20080705 1200 29.06 4 5
 20080706 1200 29.10 4 5
 20080707 1200 29.09 4 5
 20080708 1200 29.04 4 5
 20080709 1200 29.04 4 5
 20080710 1200 29.02 4 5
 20080711 1200 29.02 4 5
 20080712 1200 29.05 4 5
 20080713 1200 29.00 4 5
 20080714 1200 28.99 4 5
 20080715 1200 29.03 4 5
 20080716 1200 28.97 4 5
 20080717 1200 29.00 4 5
 20080718 1200 28.96 4 5
 20080719 1200 28.86 4 5
 20080720 1200 28.82 4 5
 20080721 1200 28.77 4 5
 20080722 1200 28.77 4 5
 20080723 1200 28.72 4 5
 20080724 1200 28.65 4 5
 20080725 1200 28.66 4 5
 20080726 1200 28.63 4 5
 20080727 1200 28.55 4 5
 20080728 1200 28.47 4 5
 20080729 1200 28.50 4 5
 20080730 1200 28.49 4 5
 20080731 1200 28.47 4 5
 20080801 1200 28.39 4 5
 20080802 1200 28.37 4 5
 20080803 1200 28.38 4 5
 20080804 1200 28.23 4 5
 20080805 1200 28.18 4 5
 20080806 1200 28.00 4 5
 20080807 1200 27.96 4 5
 20080808 1200 27.95 4 5
 20080809 1200 28.04 4 5
 20080810 1200 28.08 4 5
 20080811 1200 28.26 4 5
 20080812 1200 28.19 4 5
 20080813 1200 28.14 4 5
 20080814 1200 28.11 4 5
 20080815 1200 28.19 4 5
 20080816 1200 28.20 4 5
 20080817 1200 28.29 4 5
 20080818 1200 28.33 4 5
 20080819 1200 28.40 4 5
 20080820 1200 28.42 4 5
 20080821 1200 28.35 4 5
 20080822 1200 28.35 4 5
 20080823 1200 28.36 4 5
 20080824 1200 28.29 4 5
 20080825 1200 28.38 4 5
 20080826 1200 28.50 4 5
 20080827 1200 28.58 4 5
 20080828 1200 28.33 4 5
 20080829 1200 28.29 4 5
 20080830 1200 28.24 4 5
 20080831 1200 28.29 4 5
 20080901 1200 28.67 4 5
 20080902 1200 28.96 4 5
 20080903 1200 28.73 4 5
 20080904 1200 28.33 4 5
 20080905 1200 28.61 4 5
 20080906 1200 28.52 4 5
 20080907 1200 28.34 4 5
 20080908 1200 28.33 4 5
 20080909 1200 28.30 4 5
 20080910 1200 28.36 4 5
 20080911 1200 28.34 4 5
 20080912 1200 28.40 4 5
 20080913 1200 28.42 4 5
 20080914 1200 28.50 4 5
 20080915 1200 28.46 4 5
 20080916 1200 28.38 4 5
 20080917 1200 28.31 4 5
 20080918 1200 28.50 4 5
 20080919 1200 28.64 4 5
 20080920 1200 28.63 4 5
 20080921 1200 28.73 4 5
 20080922 1200 28.74 4 5
 20080923 1200 28.82 4 5
 20080924 1200 28.72 4 5
 20080925 1200 28.75 4 5
 20080926 1200 28.74 4 5
 20080927 1200 28.79 4 5
 20080928 1200 28.79 4 5
 20080929 1200 28.76 4 5
 20080930 1200 28.77 4 5
 20081001 1200 28.90 4 5
 20081002 1200 29.17 4 5
 20081003 1200 29.60 4 5
 20081004 1200 29.46 4 5
 20081005 1200 29.66 4 5
 20081006 1200 29.43 4 5
 20081007 1200 29.31 4 5
 20081008 1200 29.91 4 5
 20081009 1200 29.93 4 5
 20081010 1200 29.60 4 5
 20081011 1200 29.57 4 5
 20081012 1200 29.63 4 5
 20081013 1200 29.61 4 5
 20081014 1200 29.91 4 5
 20081015 1200 30.13 4 5
 20081016 1200 30.24 4 5
 20081017 1200 30.08 4 5
 20081018 1200 30.30 4 5
 20081019 1200 29.49 4 5
 20081020 1200 29.60 4 5
 20081021 1200 29.42 4 5
 20081022 1200 29.53 4 5
 20081023 1200 29.58 4 5
 20081024 1200 29.33 4 5
 20081025 1200 29.24 4 5
 20081026 1200 29.23 4 5
 20081027 1200 28.97 4 5
 20081028 1200 28.81 4 5
 20081029 1200 28.88 4 5
 20081030 1200 28.98 4 5
 20081031 1200 29.06 4 5
 20081101 1200 28.84 4 5
 20081102 1200 28.99 4 5
 20081103 1200 29.12 4 5
 20081104 1200 29.56 4 5
 20081105 1200 29.55 4 5
 20081106 1200 29.73 4 5
 20081107 1200 29.46 4 5
 20081108 1200 29.32 4 5
 20081109 1200 29.50 4 5
 20081110 1200 29.56 4 5
 20081111 1200 29.40 4 5
 20081112 1200 29.18 4 5
 20081113 1200 29.04 4 5
 20081114 1200 29.00 4 5
 20081115 1200 29.28 4 5
 20081116 1200 29.39 4 5
 20081117 1200 29.22 4 5
 20081118 1200 29.36 4 5
 20081119 1200 29.16 4 5
 20081120 1200 29.05 4 5
 20081121 1200 28.98 4 5
 20081122 1200 28.79 4 5
 20081123 1200 28.61 4 5
 20081124 1200 28.43 4 5
 20081125 1200 28.55 4 5
 20081126 1200 28.78 4 5
 20081127 1200 28.81 4 5
 20081128 1200 28.89 4 5
 20081129 1200 28.80 4 5
 20081130 1200 28.74 4 5
 20081201 1200 28.70 4 5
 20081202 1200 28.55 4 5
 20081203 1200 28.49 4 5
 20081204 1200 28.39 4 5
 20081205 1200 28.53 4 5
 20081206 1200 28.68 4 5
 20081207 1200 28.74 4 5
 20081208 1200 28.79 4 5
 20081209 1200 28.82 4 5
 20081210 1200 28.74 4 5
 20081211 1200 28.75 4 5
 20081212 1200 28.67 4 5
 20081213 1200 28.68 4 5
 20081214 1200 28.64 4 5
 20081215 1200 28.53 4 5
 20081216 1200 28.46 4 5
 20081217 1200 28.46 4 5
 20081218 1200 28.45 4 5
 20081219 1200 28.43 4 5
 20081220 1200 28.40 4 5
 20081221 1200 28.34 4 5
 20081222 1200 28.31 4 5
 20081223 1200 28.35 4 5
 20081224 1200 28.44 4 5
 20081225 1200 28.53 4 5
 20081226 1200 28.61 4 5
 20081227 1200 28.53 4 5
 20081228 1200 28.47 4 5
 20081229 1200 28.46 4 5
 20081230 1200 28.48 4 5
 20081231 1200 28.40 4 5
 20090101 1200 28.38 4 5
 20090102 1200 28.36 4 5
 20090103 1200 28.34 4 5
 20090104 1200 28.30 4 5
 20090105 1200 28.32 4 5
 20090106 1200 28.34 4 5
 20090107 1200 28.30 4 5
 20090108 1200 28.24 4 5
 20090109 1200 28.20 4 5
 20090110 1200 28.16 4 5
 20090111 1200 28.16 4 5
 20090112 1200 28.10 4 5
 20090113 1200 27.91 4 5
 20090114 1200 27.90 4 5
 20090115 1200 27.93 4 5
 20090116 1200 27.84 4 5
 20090117 1200 27.79 4 5
 20090118 1200 27.77 4 5
 20090119 1200 27.71 4 5
 20090120 1200 27.72 4 5
 20090121 1200 27.73 4 5
 20090122 1200 27.69 4 5
 20090123 1200 27.72 4 5
 20090124 1200 27.67 4 5
 20090125 1200 27.77 4 5
 20090126 1200 28.03 4 5
 20090127 1200 28.30 4 5
 20090128 1200 27.99 4 5
 20090129 1200 27.67 4 5
 20090130 1200 27.65 4 5
 20090131 1200 27.79 4 5
 20090201 1200 27.78 4 5
 20090202 1200 27.67 4 5
 20090203 1200 27.68 4 5
 20090204 1200 27.63 4 5
 20090205 1200 27.64 4 5
 20090206 1200 27.57 4 5
 20090207 1200 27.58 4 5
 20090208 1200 27.66 4 5
 20090209 1200 27.70 4 5
 20090210 1200 27.77 4 5
 20090211 1200 27.75 4 5
 20090212 1200 28.00 4 5
 20090213 1200 27.93 4 5
 20090214 1200 27.84 4 5
 20090215 1200 27.81 4 5
 20090216 1200 27.86 4 5
 20090217 1200 27.90 4 5
 20090218 1200 28.02 4 5
 20090219 1200 28.02 4 5
 20090220 1200 28.19 4 5
 20090221 1200 28.21 4 5
 20090222 1200 28.24 4 5
 20090223 1200 28.48 4 5
 20090224 1200 28.51 4 5
 20090225 1200 28.53 4 5
 20090226 1200 28.77 4 5
 20090227 1200 28.68 4 5
 20090228 1200 28.69 4 5
 20090301 1200 28.68 4 5
 20090302 1200 28.68 4 5
 20090303 1200 28.82 4 5
 20090304 1200 28.78 4 5
 20090305 1200 28.85 4 5
 20090306 1200 29.21 4 5
 20090307 1200 29.12 4 5
 20090308 1200 29.06 4 5
 20090309 1200 29.21 4 5
 20090310 1200 29.75 4 5
 20090311 1200 29.25 4 5
 20090312 1200 29.32 4 5
 20090313 1200 29.54 4 5
 20090314 1200 29.55 4 5
 20090315 1200 29.42 4 5
 20090316 1200 29.42 4 5
 20090317 1200 29.42 4 5
 20090318 1200 29.33 4 5
 20090319 1200 29.44 4 5
 20090320 1200 29.69 4 5
 20090321 1200 29.82 4 5
 20090322 1200 29.87 4 5
 20090323 1200 29.94 4 5
 20090324 1200 30.28 4 5
 20090325 1200 30.48 4 5
 20090326 1200 30.56 4 5
 20090327 1200 30.92 4 5
 20090328 1200 30.90 4 5
 20090329 1200 30.85 4 5
 20090330 1200 30.63 4 5
 20090331 1200 30.50 4 5
 20090401 1200 30.18 4 5
 20090402 1200 30.05 4 5
 20090403 1200 30.05 4 5
 20090404 1200 29.90 4 5
 20090405 1200 30.52 4 5
 20090406 1200 29.66 4 5
 20090407 1200 30.13 4 5
 20090408 1200 30.13 4 5
 20090409 1200 29.99 4 5
 20090410 1200 29.97 4 5
 20090411 1200 29.93 4 5
 20090412 1200 29.84 4 5
 20090413 1200 29.90 4 5
 20090414 1200 29.71 4 5
 20090415 1200 29.63 4 5
 20090416 1200 29.64 4 5
 20090417 1200 29.65 4 5
 20090418 1200 29.60 4 5
 20090419 1200 29.67 4 5
 20090420 1200 29.80 4 5
 20090421 1200 29.71 4 5
 20090422 1200 29.60 4 5
 20090423 1200 29.75 4 5
 20090424 1200 29.77 4 5
 20090425 1200 29.93 4 5
 20090426 1200 29.99 4 5
 20090427 1200 30.06 4 5
 20090428 1200 30.01 4 5
 20090429 1200 30.02 4 5
 20090430 1200 30.03 4 5
 20090501 1200 30.09 4 5
 Time: 1200  4 Nov 2009 to 1200  4 Nov 2009 (index  1087 to  1087,    1 times)
 Depth (M):        1 QUALITY SOURCE
 YYYYMMDD HHMM   SST Q S
 20091104 1200 29.24 2 1
 Time: 1200  2 Nov 2010 to 1200 14 Jun 2013 (index  1450 to  2405,  956 times)
 Depth (M):        1 QUALITY SOURCE
 YYYYMMDD HHMM   SST Q S
 20101102 1200 28.78 1 5
 20101103 1200 28.66 1 5
 20101104 1200 28.47 1 5
 20101105 1200 28.41 1 5
 20101106 1200 28.36 1 5
 20101107 1200 28.46 1 5
 20101108 1200 28.66 1 5
 20101109 1200 28.60 1 5
 20101110 1200 28.34 1 5
 20101111 1200 28.50 1 5
 20101112 1200 28.58 1 5
 20101113 1200 28.87 1 5
 20101114 1200 28.60 1 5
 20101115 1200 28.49 1 5
 20101116 1200 28.67 1 5
 20101117 1200 28.71 1 5
 20101118 1200 28.56 1 5
 20101119 1200 28.56 1 5
 20101120 1200 28.59 1 5
 20101121 1200 28.73 1 5
 20101122 1200 28.57 1 5
 20101123 1200 28.59 1 5
 20101124 1200 28.54 1 5
 20101125 1200 28.70 1 5
 20101126 1200 28.78 1 5
 20101127 1200 28.82 1 5
 20101128 1200 28.77 1 5
 20101129 1200 28.69 1 5
 20101130 1200 28.70 1 5
 20101201 1200 28.67 1 5
 20101202 1200 28.59 1 5
 20101203 1200 28.50 1 5
 20101204 1200 28.51 1 5
 20101205 1200 28.50 1 5
 20101206 1200 28.41 1 5
 20101207 1200 28.37 1 5
 20101208 1200 28.29 1 5
 20101209 1200 28.37 1 5
 20101210 1200 28.22 1 5
 20101211 1200 28.21 1 5
 20101212 1200 28.20 1 5
 20101213 1200 28.30 1 5
 20101214 1200 28.34 1 5
 20101215 1200 28.31 1 5
 20101216 1200 28.13 1 5
 20101217 1200 28.24 1 5
 20101218 1200 28.45 1 5
 20101219 1200 28.42 1 5
 20101220 1200 28.34 1 5
 20101221 1200 28.35 1 5
 20101222 1200 28.45 1 5
 20101223 1200 28.39 1 5
 20101224 1200 28.26 1 5
 20101225 1200 28.32 1 5
 20101226 1200 28.37 1 5
 20101227 1200 28.33 1 5
 20101228 1200 28.22 1 5
 20101229 1200 28.25 1 5
 20101230 1200 28.17 1 5
 20101231 1200 28.16 1 5
 20110101 1200 28.26 1 5
 20110102 1200 28.21 1 5
 20110103 1200 28.22 1 5
 20110104 1200 28.33 1 5
 20110105 1200 28.20 1 5
 20110106 1200 28.13 1 5
 20110107 1200 28.02 1 5
 20110108 1200 28.07 1 5
 20110109 1200 28.05 1 5
 20110110 1200 28.10 1 5
 20110111 1200 28.04 1 5
 20110112 1200 28.22 1 5
 20110113 1200 28.21 1 5
 20110114 1200 28.40 1 5
 20110115 1200 28.32 1 5
 20110116 1200 28.15 1 5
 20110117 1200 28.35 1 5
 20110118 1200 28.29 1 5
 20110119 1200 28.28 1 5
 20110120 1200 28.20 1 5
 20110121 1200 28.15 1 5
 20110122 1200 28.18 1 5
 20110123 1200 28.16 1 5
 20110124 1200 28.15 1 5
 20110125 1200 28.17 1 5
 20110126 1200 28.27 1 5
 20110127 1200 28.20 1 5
 20110128 1200 28.18 1 5
 20110129 1200 28.13 1 5
 20110130 1200 28.17 1 5
 20110131 1200 28.10 1 5
 20110201 1200 27.98 1 5
 20110202 1200 28.05 1 5
 20110203 1200 28.13 1 5
 20110204 1200 28.27 1 5
 20110205 1200 28.26 1 5
 20110206 1200 28.36 1 5
 20110207 1200 28.26 1 5
 20110208 1200 28.48 1 5
 20110209 1200 28.47 1 5
 20110210 1200 28.42 1 5
 20110211 1200 28.39 1 5
 20110212 1200 28.29 1 5
 20110213 1200 28.29 1 5
 20110214 1200 28.40 1 5
 20110215 1200 28.40 1 5
 20110216 1200 28.52 1 5
 20110217 1200 28.76 1 5
 20110218 1200 28.79 1 5
 20110219 1200 28.66 1 5
 20110220 1200 28.59 1 5
 20110221 1200 28.53 1 5
 20110222 1200 28.57 1 5
 20110223 1200 28.53 1 5
 20110224 1200 28.43 1 5
 20110225 1200 28.39 1 5
 20110226 1200 28.35 1 5
 20110227 1200 28.31 1 5
 20110228 1200 28.32 1 5
 20110301 1200 28.45 1 5
 20110302 1200 28.68 1 5
 20110303 1200 28.79 1 5
 20110304 1200 28.71 1 5
 20110305 1200 28.88 1 5
 20110306 1200 28.97 1 5
 20110307 1200 28.92 1 5
 20110308 1200 29.07 1 5
 20110309 1200 29.00 1 5
 20110310 1200 28.87 1 5
 20110311 1200 29.10 1 5
 20110312 1200 29.29 1 5
 20110313 1200 29.41 1 5
 20110314 1200 29.19 1 5
 20110315 1200 29.26 1 5
 20110316 1200 29.42 1 5
 20110317 1200 29.07 1 5
 20110318 1200 28.99 1 5
 20110319 1200 29.13 1 5
 20110320 1200 29.53 1 5
 20110321 1200 29.69 1 5
 20110322 1200 29.71 1 5
 20110323 1200 29.80 1 5
 20110324 1200 29.37 1 5
 20110325 1200 29.39 1 5
 20110326 1200 29.37 1 5
 20110327 1200 29.60 1 5
 20110328 1200 29.57 1 5
 20110329 1200 29.57 1 5
 20110330 1200 29.65 1 5
 20110331 1200 29.72 1 5
 20110401 1200 29.83 1 5
 20110402 1200 29.61 1 5
 20110403 1200 29.35 1 5
 20110404 1200 29.31 1 5
 20110405 1200 29.47 1 5
 20110406 1200 29.36 1 5
 20110407 1200 29.60 1 5
 20110408 1200 29.92 1 5
 20110409 1200 29.71 1 5
 20110410 1200 29.86 1 5
 20110411 1200 29.82 1 5
 20110412 1200 30.05 1 5
 20110413 1200 30.03 1 5
 20110414 1200 30.57 1 5
 20110415 1200 29.93 1 5
 20110416 1200 30.02 1 5
 20110417 1200 29.98 1 5
 20110418 1200 30.21 1 5
 20110419 1200 30.12 1 5
 20110420 1200 30.48 1 5
 20110421 1200 30.61 1 5
 20110422 1200 30.88 1 5
 20110423 1200 31.01 1 5
 20110424 1200 30.42 1 5
 20110425 1200 30.38 1 5
 20110426 1200 30.32 1 5
 20110427 1200 30.33 1 5
 20110428 1200 30.11 1 5
 20110429 1200 29.94 1 5
 20110430 1200 29.89 1 5
 20110501 1200 29.78 1 5
 20110502 1200 29.71 1 5
 20110503 1200 29.54 1 5
 20110504 1200 29.49 1 5
 20110505 1200 29.38 1 5
 20110506 1200 29.37 1 5
 20110507 1200 29.35 1 5
 20110508 1200 29.17 1 5
 20110509 1200 29.08 1 5
 20110510 1200 29.02 1 5
 20110511 1200 29.10 1 5
 20110512 1200 29.19 1 5
 20110513 1200 29.36 1 5
 20110514 1200 29.38 1 5
 20110515 1200 29.61 1 5
 20110516 1200 29.96 1 5
 20110517 1200 29.93 1 5
 20110518 1200 30.02 1 5
 20110519 1200 29.86 1 5
 20110520 1200 29.82 1 5
 20110521 1200 29.76 1 5
 20110522 1200 29.79 1 5
 20110523 1200 29.93 1 5
 20110524 1200 29.92 1 5
 20110525 1200 29.85 1 5
 20110526 1200 29.90 1 5
 20110527 1200 30.03 1 5
 20110528 1200 29.98 1 5
 20110529 1200 29.92 1 5
 20110530 1200 29.84 1 5
 20110531 1200 29.78 1 5
 20110601 1200 29.74 1 5
 20110602 1200 29.66 1 5
 20110603 1200 -9.99 0 0
 20110604 1200 29.63 2 5
 20110605 1200 29.58 2 5
 20110606 1200 29.51 2 5
 20110607 1200 29.48 2 5
 20110608 1200 29.41 2 5
 20110609 1200 29.40 2 5
 20110610 1200 29.37 2 5
 20110611 1200 29.30 2 5
 20110612 1200 29.28 2 5
 20110613 1200 29.26 2 5
 20110614 1200 29.22 2 5
 20110615 1200 29.24 2 5
 20110616 1200 29.26 2 5
 20110617 1200 29.24 2 5
 20110618 1200 29.20 2 5
 20110619 1200 29.17 2 5
 20110620 1200 29.14 2 5
 20110621 1200 29.12 2 5
 20110622 1200 29.12 2 5
 20110623 1200 29.11 2 5
 20110624 1200 29.18 2 5
 20110625 1200 29.16 2 5
 20110626 1200 29.11 2 5
 20110627 1200 29.16 2 5
 20110628 1200 29.17 2 5
 20110629 1200 29.07 2 5
 20110630 1200 29.16 2 5
 20110701 1200 29.06 2 5
 20110702 1200 29.01 2 5
 20110703 1200 29.01 2 5
 20110704 1200 29.00 2 5
 20110705 1200 28.86 2 5
 20110706 1200 28.90 2 5
 20110707 1200 28.89 2 5
 20110708 1200 28.95 2 5
 20110709 1200 28.96 2 5
 20110710 1200 28.88 2 5
 20110711 1200 28.81 2 5
 20110712 1200 28.81 2 5
 20110713 1200 28.77 2 5
 20110714 1200 28.75 2 5
 20110715 1200 28.76 2 5
 20110716 1200 28.74 2 5
 20110717 1200 28.81 2 5
 20110718 1200 28.83 2 5
 20110719 1200 28.85 2 5
 20110720 1200 28.82 2 5
 20110721 1200 28.87 2 5
 20110722 1200 28.83 2 5
 20110723 1200 28.77 2 5
 20110724 1200 28.62 2 5
 20110725 1200 28.32 2 5
 20110726 1200 28.41 2 5
 20110727 1200 28.51 2 5
 20110728 1200 28.68 2 5
 20110729 1200 28.59 2 5
 20110730 1200 28.63 2 5
 20110731 1200 28.69 2 5
 20110801 1200 28.72 2 5
 20110802 1200 28.69 2 5
 20110803 1200 28.72 2 5
 20110804 1200 28.76 2 5
 20110805 1200 28.79 2 5
 20110806 1200 28.73 2 5
 20110807 1200 28.73 2 5
 20110808 1200 28.70 2 5
 20110809 1200 28.63 2 5
 20110810 1200 28.68 2 5
 20110811 1200 28.65 2 5
 20110812 1200 28.71 2 5
 20110813 1200 28.70 2 5
 20110814 1200 28.66 2 5
 20110815 1200 28.70 2 5
 20110816 1200 28.72 2 5
 20110817 1200 28.68 2 5
 20110818 1200 28.67 2 5
 20110819 1200 28.68 2 5
 20110820 1200 28.68 2 5
 20110821 1200 28.69 2 5
 20110822 1200 28.69 2 5
 20110823 1200 28.70 2 5
 20110824 1200 28.58 2 5
 20110825 1200 28.61 2 5
 20110826 1200 28.55 2 5
 20110827 1200 28.48 2 5
 20110828 1200 28.48 2 5
 20110829 1200 28.49 2 5
 20110830 1200 28.53 2 5
 20110831 1200 28.49 2 5
 20110901 1200 28.47 2 5
 20110902 1200 28.52 2 5
 20110903 1200 28.56 2 5
 20110904 1200 28.65 2 5
 20110905 1200 28.66 2 5
 20110906 1200 28.64 2 5
 20110907 1200 28.57 2 5
 20110908 1200 28.55 2 5
 20110909 1200 28.60 2 5
 20110910 1200 28.60 2 5
 20110911 1200 28.57 2 5
 20110912 1200 28.48 2 5
 20110913 1200 28.42 2 5
 20110914 1200 28.35 2 5
 20110915 1200 28.46 2 5
 20110916 1200 28.51 2 5
 20110917 1200 28.57 2 5
 20110918 1200 28.54 2 5
 20110919 1200 28.55 2 5
 20110920 1200 28.54 2 5
 20110921 1200 28.51 2 5
 20110922 1200 28.56 2 5
 20110923 1200 28.60 2 5
 20110924 1200 28.55 2 5
 20110925 1200 28.67 2 5
 20110926 1200 28.69 2 5
 20110927 1200 28.67 2 5
 20110928 1200 28.69 2 5
 20110929 1200 28.70 2 5
 20110930 1200 28.70 2 5
 20111001 1200 28.58 2 5
 20111002 1200 28.50 2 5
 20111003 1200 28.52 2 5
 20111004 1200 28.52 2 5
 20111005 1200 28.75 2 5
 20111006 1200 28.93 2 5
 20111007 1200 29.02 2 5
 20111008 1200 28.84 2 5
 20111009 1200 28.71 2 5
 20111010 1200 28.92 2 5
 20111011 1200 28.70 2 5
 20111012 1200 28.63 2 5
 20111013 1200 28.63 2 5
 20111014 1200 28.48 2 5
 20111015 1200 28.40 2 5
 20111016 1200 28.65 2 5
 20111017 1200 28.45 2 5
 20111018 1200 28.55 2 5
 20111019 1200 29.05 2 5
 20111020 1200 29.35 2 5
 20111021 1200 28.89 2 5
 20111022 1200 28.80 2 5
 20111023 1200 28.84 2 5
 20111024 1200 29.01 2 5
 20111025 1200 28.99 2 5
 20111026 1200 29.14 2 5
 20111027 1200 29.00 2 5
 20111028 1200 28.99 2 5
 20111029 1200 28.89 2 5
 20111030 1200 28.95 2 5
 20111031 1200 28.73 2 5
 20111101 1200 28.73 2 5
 20111102 1200 28.74 2 5
 20111103 1200 29.26 2 5
 20111104 1200 29.21 2 5
 20111105 1200 29.13 2 5
 20111106 1200 29.51 2 5
 20111107 1200 29.67 2 5
 20111108 1200 29.69 2 5
 20111109 1200 29.64 2 5
 20111110 1200 29.53 2 5
 20111111 1200 29.33 2 5
 20111112 1200 29.84 2 5
 20111113 1200 29.50 2 5
 20111114 1200 29.76 2 5
 20111115 1200 29.38 2 5
 20111116 1200 29.53 2 5
 20111117 1200 29.45 2 5
 20111118 1200 29.58 2 5
 20111119 1200 29.52 2 5
 20111120 1200 29.50 2 5
 20111121 1200 29.37 2 5
 20111122 1200 29.15 2 5
 20111123 1200 29.05 2 5
 20111124 1200 28.95 2 5
 20111125 1200 28.83 2 5
 20111126 1200 28.74 2 5
 20111127 1200 28.82 2 5
 20111128 1200 28.77 2 5
 20111129 1200 28.73 2 5
 20111130 1200 28.76 2 5
 20111201 1200 28.66 2 5
 20111202 1200 28.90 2 5
 20111203 1200 28.66 2 5
 20111204 1200 28.67 2 5
 20111205 1200 28.96 2 5
 20111206 1200 28.98 2 5
 20111207 1200 29.03 2 5
 20111208 1200 29.03 2 5
 20111209 1200 29.07 2 5
 20111210 1200 28.97 2 5
 20111211 1200 28.87 2 5
 20111212 1200 28.75 2 5
 20111213 1200 28.68 2 5
 20111214 1200 28.68 2 5
 20111215 1200 28.63 2 5
 20111216 1200 28.75 2 5
 20111217 1200 28.71 2 5
 20111218 1200 28.65 2 5
 20111219 1200 28.60 2 5
 20111220 1200 28.53 2 5
 20111221 1200 28.42 2 5
 20111222 1200 28.37 2 5
 20111223 1200 28.32 2 5
 20111224 1200 28.22 2 5
 20111225 1200 28.30 2 5
 20111226 1200 28.18 2 5
 20111227 1200 28.15 2 5
 20111228 1200 28.19 2 5
 20111229 1200 28.43 2 5
 20111230 1200 28.29 2 5
 20111231 1200 28.19 2 5
 20120101 1200 28.13 2 5
 20120102 1200 28.33 2 5
 20120103 1200 28.55 2 5
 20120104 1200 28.43 2 5
 20120105 1200 28.52 2 5
 20120106 1200 28.40 2 5
 20120107 1200 28.33 2 5
 20120108 1200 28.51 2 5
 20120109 1200 28.47 2 5
 20120110 1200 28.53 2 5
 20120111 1200 28.40 2 5
 20120112 1200 28.38 2 5
 20120113 1200 28.47 2 5
 20120114 1200 28.56 2 5
 20120115 1200 28.45 2 5
 20120116 1200 28.45 2 5
 20120117 1200 28.53 2 5
 20120118 1200 28.58 2 5
 20120119 1200 28.65 2 5
 20120120 1200 28.73 2 5
 20120121 1200 28.69 2 5
 20120122 1200 28.69 2 5
 20120123 1200 28.66 2 5
 20120124 1200 28.63 2 5
 20120125 1200 28.65 2 5
 20120126 1200 28.65 2 5
 20120127 1200 28.66 2 5
 20120128 1200 28.64 2 5
 20120129 1200 28.62 2 5
 20120130 1200 28.55 2 5
 20120131 1200 28.60 2 5
 20120201 1200 28.60 2 5
 20120202 1200 28.48 2 5
 20120203 1200 28.45 2 5
 20120204 1200 28.44 2 5
 20120205 1200 28.38 2 5
 20120206 1200 28.25 2 5
 20120207 1200 28.39 2 5
 20120208 1200 28.63 2 5
 20120209 1200 28.62 2 5
 20120210 1200 28.60 2 5
 20120211 1200 28.59 2 5
 20120212 1200 28.55 2 5
 20120213 1200 28.46 2 5
 20120214 1200 28.52 2 5
 20120215 1200 28.54 2 5
 20120216 1200 28.40 2 5
 20120217 1200 28.66 2 5
 20120218 1200 28.63 2 5
 20120219 1200 28.64 2 5
 20120220 1200 28.51 2 5
 20120221 1200 28.51 2 5
 20120222 1200 28.43 2 5
 20120223 1200 28.44 2 5
 20120224 1200 28.37 2 5
 20120225 1200 28.34 2 5
 20120226 1200 28.52 2 5
 20120227 1200 28.63 2 5
 20120228 1200 28.93 2 5
 20120229 1200 28.75 2 5
 20120301 1200 28.90 2 5
 20120302 1200 29.00 2 5
 20120303 1200 29.13 2 5
 20120304 1200 29.01 2 5
 20120305 1200 28.90 2 5
 20120306 1200 28.74 2 5
 20120307 1200 28.86 2 5
 20120308 1200 28.82 2 5
 20120309 1200 28.89 2 5
 20120310 1200 28.93 2 5
 20120311 1200 29.05 2 5
 20120312 1200 28.92 2 5
 20120313 1200 29.00 2 5
 20120314 1200 29.15 2 5
 20120315 1200 29.08 2 5
 20120316 1200 29.08 2 5
 20120317 1200 29.36 2 5
 20120318 1200 29.44 2 5
 20120319 1200 29.70 2 5
 20120320 1200 29.82 2 5
 20120321 1200 29.85 2 5
 20120322 1200 29.73 2 5
 20120323 1200 29.62 2 5
 20120324 1200 29.63 2 5
 20120325 1200 29.68 2 5
 20120326 1200 29.80 2 5
 20120327 1200 29.69 2 5
 20120328 1200 29.56 2 5
 20120329 1200 29.50 2 5
 20120330 1200 29.63 2 5
 20120331 1200 29.84 2 5
 20120401 1200 29.74 2 5
 20120402 1200 29.97 2 5
 20120403 1200 30.27 2 5
 20120404 1200 30.38 2 5
 20120405 1200 30.39 2 5
 20120406 1200 30.44 2 5
 20120407 1200 30.46 2 5
 20120408 1200 30.59 2 5
 20120409 1200 30.55 2 5
 20120410 1200 30.56 2 5
 20120411 1200 30.63 2 5
 20120412 1200 30.51 2 5
 20120413 1200 30.35 2 5
 20120414 1200 30.35 2 5
 20120415 1200 30.55 2 5
 20120416 1200 30.69 2 5
 20120417 1200 30.28 2 5
 20120418 1200 30.51 2 5
 20120419 1200 30.76 2 5
 20120420 1200 30.41 2 5
 20120421 1200 30.37 2 5
 20120422 1200 30.08 2 5
 20120423 1200 30.07 2 5
 20120424 1200 29.90 2 5
 20120425 1200 30.11 2 5
 20120426 1200 30.31 2 5
 20120427 1200 30.43 2 5
 20120428 1200 30.47 2 5
 20120429 1200 30.12 2 5
 20120430 1200 30.04 2 5
 20120501 1200 29.80 2 5
 20120502 1200 29.84 2 5
 20120503 1200 29.90 2 5
 20120504 1200 29.80 2 5
 20120505 1200 29.73 2 5
 20120506 1200 29.81 2 5
 20120507 1200 29.94 2 5
 20120508 1200 29.88 2 5
 20120509 1200 29.89 2 5
 20120510 1200 29.97 2 5
 20120511 1200 30.06 2 5
 20120512 1200 29.98 2 5
 20120513 1200 -9.99 0 0
 20120514 1200 29.98 2 1
 20120515 1200 30.05 2 1
 20120516 1200 30.08 2 1
 20120517 1200 30.03 2 1
 20120518 1200 30.02 2 1
 20120519 1200 29.98 2 1
 20120520 1200 30.01 2 1
 20120521 1200 29.95 2 1
 20120522 1200 29.89 2 1
 20120523 1200 29.84 2 1
 20120524 1200 29.74 2 1
 20120525 1200 29.50 2 1
 20120526 1200 29.41 2 1
 20120527 1200 29.34 2 1
 20120528 1200 29.32 2 1
 20120529 1200 29.33 2 1
 20120530 1200 29.23 2 1
 20120531 1200 29.17 2 1
 20120601 1200 29.14 2 1
 20120602 1200 29.09 2 1
 20120603 1200 29.07 2 1
 20120604 1200 29.07 2 1
 20120605 1200 29.04 2 1
 20120606 1200 29.02 2 1
 20120607 1200 29.03 2 1
 20120608 1200 29.03 2 1
 20120609 1200 28.97 2 1
 20120610 1200 28.91 2 1
 20120611 1200 28.88 2 1
 20120612 1200 28.84 2 1
 20120613 1200 28.81 2 1
 20120614 1200 28.83 2 1
 20120615 1200 28.86 2 1
 20120616 1200 28.87 2 1
 20120617 1200 28.78 2 1
 20120618 1200 28.74 2 1
 20120619 1200 28.72 2 1
 20120620 1200 28.77 2 1
 20120621 1200 28.59 2 1
 20120622 1200 28.76 2 1
 20120623 1200 28.82 2 1
 20120624 1200 28.70 2 1
 20120625 1200 28.71 2 1
 20120626 1200 28.47 2 1
 20120627 1200 28.49 2 1
 20120628 1200 28.72 2 1
 20120629 1200 28.84 2 1
 20120630 1200 28.86 2 1
 20120701 1200 28.29 2 1
 20120702 1200 28.23 2 1
 20120703 1200 28.28 2 1
 20120704 1200 28.37 2 1
 20120705 1200 28.46 2 1
 20120706 1200 28.41 2 1
 20120707 1200 28.39 2 1
 20120708 1200 28.42 2 1
 20120709 1200 28.52 2 1
 20120710 1200 28.58 2 1
 20120711 1200 28.65 2 1
 20120712 1200 28.68 2 1
 20120713 1200 28.71 2 1
 20120714 1200 28.73 2 1
 20120715 1200 28.70 2 1
 20120716 1200 28.75 2 1
 20120717 1200 28.76 2 1
 20120718 1200 28.62 2 1
 20120719 1200 28.67 2 1
 20120720 1200 28.66 2 1
 20120721 1200 28.60 2 1
 20120722 1200 28.60 2 1
 20120723 1200 28.61 2 1
 20120724 1200 28.54 2 1
 20120725 1200 28.55 2 1
 20120726 1200 28.61 2 1
 20120727 1200 28.58 2 1
 20120728 1200 28.61 2 1
 20120729 1200 28.66 2 1
 20120730 1200 28.72 2 1
 20120731 1200 28.76 2 1
 20120801 1200 28.76 2 1
 20120802 1200 28.74 2 1
 20120803 1200 28.76 2 1
 20120804 1200 28.76 2 1
 20120805 1200 28.74 2 1
 20120806 1200 28.77 2 1
 20120807 1200 28.79 2 1
 20120808 1200 28.82 2 1
 20120809 1200 28.80 2 1
 20120810 1200 28.81 2 1
 20120811 1200 28.79 2 1
 20120812 1200 28.82 2 1
 20120813 1200 28.89 2 1
 20120814 1200 28.94 2 1
 20120815 1200 28.93 2 1
 20120816 1200 28.85 2 1
 20120817 1200 28.82 2 1
 20120818 1200 28.78 2 1
 20120819 1200 28.78 2 1
 20120820 1200 28.72 2 1
 20120821 1200 28.59 2 1
 20120822 1200 28.76 2 1
 20120823 1200 28.73 2 1
 20120824 1200 28.68 2 1
 20120825 1200 28.64 2 1
 20120826 1200 28.57 2 1
 20120827 1200 28.48 2 1
 20120828 1200 28.46 2 1
 20120829 1200 28.42 2 1
 20120830 1200 28.38 2 1
 20120831 1200 28.38 2 1
 20120901 1200 28.37 2 1
 20120902 1200 28.39 2 1
 20120903 1200 28.35 2 1
 20120904 1200 28.47 2 1
 20120905 1200 28.59 2 1
 20120906 1200 28.62 2 1
 20120907 1200 28.50 2 1
 20120908 1200 28.41 2 1
 20120909 1200 28.47 2 1
 20120910 1200 28.55 2 1
 20120911 1200 28.60 2 1
 20120912 1200 28.56 2 1
 20120913 1200 28.51 2 1
 20120914 1200 28.57 2 1
 20120915 1200 28.46 2 1
 20120916 1200 28.38 2 1
 20120917 1200 28.45 2 1
 20120918 1200 28.49 2 1
 20120919 1200 28.45 2 1
 20120920 1200 28.53 2 1
 20120921 1200 28.69 2 1
 20120922 1200 28.77 2 1
 20120923 1200 28.72 2 1
 20120924 1200 28.69 2 1
 20120925 1200 28.59 2 1
 20120926 1200 28.49 2 1
 20120927 1200 28.38 2 1
 20120928 1200 28.40 2 1
 20120929 1200 28.45 2 1
 20120930 1200 28.46 2 1
 20121001 1200 28.49 2 1
 20121002 1200 28.54 2 1
 20121003 1200 28.67 2 1
 20121004 1200 28.76 2 1
 20121005 1200 28.70 2 1
 20121006 1200 28.81 2 1
 20121007 1200 28.85 2 1
 20121008 1200 28.86 2 1
 20121009 1200 28.93 2 1
 20121010 1200 28.71 2 1
 20121011 1200 28.94 2 1
 20121012 1200 29.08 2 1
 20121013 1200 29.19 2 1
 20121014 1200 29.21 2 1
 20121015 1200 29.02 2 1
 20121016 1200 28.92 2 1
 20121017 1200 28.95 2 1
 20121018 1200 29.15 2 1
 20121019 1200 29.27 2 1
 20121020 1200 29.25 2 1
 20121021 1200 29.11 2 1
 20121022 1200 29.12 2 1
 20121023 1200 29.26 2 1
 20121024 1200 29.65 2 1
 20121025 1200 29.36 2 1
 20121026 1200 29.33 2 1
 20121027 1200 29.23 2 1
 20121028 1200 29.24 2 1
 20121029 1200 28.94 2 1
 20121030 1200 28.96 2 1
 20121031 1200 28.91 2 1
 20121101 1200 29.03 2 1
 20121102 1200 28.93 2 1
 20121103 1200 29.25 2 1
 20121104 1200 29.25 2 1
 20121105 1200 29.48 2 1
 20121106 1200 29.15 2 1
 20121107 1200 29.47 2 1
 20121108 1200 29.24 2 1
 20121109 1200 29.49 2 1
 20121110 1200 29.42 2 1
 20121111 1200 29.31 2 1
 20121112 1200 29.28 2 1
 20121113 1200 29.19 2 1
 20121114 1200 28.99 2 1
 20121115 1200 28.99 2 1
 20121116 1200 29.09 2 1
 20121117 1200 29.20 2 1
 20121118 1200 29.29 2 1
 20121119 1200 29.31 2 1
 20121120 1200 29.71 2 1
 20121121 1200 29.54 2 1
 20121122 1200 29.42 2 1
 20121123 1200 29.38 2 1
 20121124 1200 29.35 2 1
 20121125 1200 29.21 2 1
 20121126 1200 29.26 2 1
 20121127 1200 29.23 2 1
 20121128 1200 29.13 2 1
 20121129 1200 29.05 2 1
 20121130 1200 28.97 2 1
 20121201 1200 29.13 2 1
 20121202 1200 29.29 2 1
 20121203 1200 29.47 2 1
 20121204 1200 29.23 2 1
 20121205 1200 29.12 2 1
 20121206 1200 29.02 2 1
 20121207 1200 28.98 2 1
 20121208 1200 28.88 2 1
 20121209 1200 28.90 2 1
 20121210 1200 28.71 2 1
 20121211 1200 28.72 2 1
 20121212 1200 28.67 2 1
 20121213 1200 28.69 2 1
 20121214 1200 28.63 2 1
 20121215 1200 28.64 2 1
 20121216 1200 28.72 2 1
 20121217 1200 28.74 2 1
 20121218 1200 28.63 2 1
 20121219 1200 28.63 2 1
 20121220 1200 28.59 2 1
 20121221 1200 28.62 2 1
 20121222 1200 28.63 2 1
 20121223 1200 28.61 2 1
 20121224 1200 28.67 2 1
 20121225 1200 28.67 2 1
 20121226 1200 28.59 2 1
 20121227 1200 28.58 2 1
 20121228 1200 28.68 2 1
 20121229 1200 28.71 2 1
 20121230 1200 28.70 2 1
 20121231 1200 28.62 2 1
 20130101 1200 28.62 2 1
 20130102 1200 28.41 2 1
 20130103 1200 28.43 2 1
 20130104 1200 28.49 2 1
 20130105 1200 28.41 2 1
 20130106 1200 28.40 2 1
 20130107 1200 28.39 2 1
 20130108 1200 28.52 2 1
 20130109 1200 28.95 2 1
 20130110 1200 28.70 2 1
 20130111 1200 28.64 2 1
 20130112 1200 28.70 2 1
 20130113 1200 28.60 2 1
 20130114 1200 28.59 2 1
 20130115 1200 28.59 2 1
 20130116 1200 28.58 2 1
 20130117 1200 28.61 2 1
 20130118 1200 28.57 2 1
 20130119 1200 28.58 2 1
 20130120 1200 28.59 2 1
 20130121 1200 28.51 2 1
 20130122 1200 28.53 2 1
 20130123 1200 28.48 2 1
 20130124 1200 28.29 2 1
 20130125 1200 28.26 2 1
 20130126 1200 28.10 2 1
 20130127 1200 28.00 2 1
 20130128 1200 28.01 2 1
 20130129 1200 28.07 2 1
 20130130 1200 28.17 2 1
 20130131 1200 27.94 2 1
 20130201 1200 27.96 2 1
 20130202 1200 27.93 2 1
 20130203 1200 28.06 2 1
 20130204 1200 28.22 2 1
 20130205 1200 28.25 2 1
 20130206 1200 28.62 2 1
 20130207 1200 28.89 2 1
 20130208 1200 28.74 2 1
 20130209 1200 28.92 2 1
 20130210 1200 28.96 2 1
 20130211 1200 28.98 2 1
 20130212 1200 28.94 2 1
 20130213 1200 29.02 2 1
 20130214 1200 29.23 2 1
 20130215 1200 29.02 2 1
 20130216 1200 29.09 2 1
 20130217 1200 29.21 2 1
 20130218 1200 29.30 2 1
 20130219 1200 29.30 2 1
 20130220 1200 29.28 2 1
 20130221 1200 29.23 2 1
 20130222 1200 29.15 2 1
 20130223 1200 29.17 2 1
 20130224 1200 29.14 2 1
 20130225 1200 29.14 2 1
 20130226 1200 29.06 2 1
 20130227 1200 29.14 2 1
 20130228 1200 29.26 2 1
 20130301 1200 29.12 2 1
 20130302 1200 28.92 2 1
 20130303 1200 29.00 2 1
 20130304 1200 29.07 2 1
 20130305 1200 29.13 2 1
 20130306 1200 29.25 2 1
 20130307 1200 29.24 2 1
 20130308 1200 29.37 2 1
 20130309 1200 29.42 2 1
 20130310 1200 29.49 2 1
 20130311 1200 29.60 2 1
 20130312 1200 29.68 2 1
 20130313 1200 29.62 2 1
 20130314 1200 29.62 2 1
 20130315 1200 29.48 2 1
 20130316 1200 29.49 2 1
 20130317 1200 29.51 2 1
 20130318 1200 29.62 2 1
 20130319 1200 29.54 2 1
 20130320 1200 29.51 2 1
 20130321 1200 29.56 2 1
 20130322 1200 29.65 2 1
 20130323 1200 29.85 2 1
 20130324 1200 29.66 2 1
 20130325 1200 29.81 2 1
 20130326 1200 29.98 2 1
 20130327 1200 30.15 2 1
 20130328 1200 30.38 2 1
 20130329 1200 30.24 2 1
 20130330 1200 30.30 2 1
 20130331 1200 30.38 2 1
 20130401 1200 30.46 2 1
 20130402 1200 30.38 2 1
 20130403 1200 30.34 2 1
 20130404 1200 30.30 2 1
 20130405 1200 30.53 2 1
 20130406 1200 30.40 2 1
 20130407 1200 30.62 2 1
 20130408 1200 30.36 2 1
 20130409 1200 30.51 2 1
 20130410 1200 30.60 2 1
 20130411 1200 30.53 2 1
 20130412 1200 30.44 2 1
 20130413 1200 30.46 2 1
 20130414 1200 30.48 2 1
 20130415 1200 30.84 2 1
 20130416 1200 30.95 2 1
 20130417 1200 31.08 2 1
 20130418 1200 30.92 2 1
 20130419 1200 31.28 2 1
 20130420 1200 31.08 2 1
 20130421 1200 31.08 2 1
 20130422 1200 31.24 2 1
 20130423 1200 31.41 2 1
 20130424 1200 31.28 2 1
 20130425 1200 31.27 2 1
 20130426 1200 30.97 2 1
 20130427 1200 31.25 2 1
 20130428 1200 31.48 2 1
 20130429 1200 31.59 2 1
 20130430 1200 31.53 2 1
 20130501 1200 31.17 2 1
 20130502 1200 31.09 2 1
 20130503 1200 31.12 2 1
 20130504 1200 31.12 2 1
 20130505 1200 31.01 2 1
 20130506 1200 30.97 2 1
 20130507 1200 31.15 2 1
 20130508 1200 31.28 2 1
 20130509 1200 31.09 2 1
 20130510 1200 30.76 2 1
 20130511 1200 30.16 2 1
 20130512 1200 29.65 2 1
 20130513 1200 29.64 2 1
 20130514 1200 29.76 2 1
 20130515 1200 29.78 2 1
 20130516 1200 29.81 2 1
 20130517 1200 29.84 2 1
 20130518 1200 29.70 2 1
 20130519 1200 29.72 2 1
 20130520 1200 29.77 2 1
 20130521 1200 29.74 2 1
 20130522 1200 29.73 2 1
 20130523 1200 29.74 2 1
 20130524 1200 29.73 2 1
 20130525 1200 29.71 2 1
 20130526 1200 29.67 2 1
 20130527 1200 29.63 2 1
 20130528 1200 29.66 2 1
 20130529 1200 29.69 2 1
 20130530 1200 29.61 2 1
 20130531 1200 29.52 2 1
 20130601 1200 29.37 2 1
 20130602 1200 29.36 2 1
 20130603 1200 29.30 2 1
 20130604 1200 29.27 2 1
 20130605 1200 29.24 2 1
 20130606 1200 29.12 2 1
 20130607 1200 29.14 2 1
 20130608 1200 29.11 2 1
 20130609 1200 29.05 2 1
 20130610 1200 29.19 2 1
 20130611 1200 29.17 2 1
 20130612 1200 29.10 2 1
 20130613 1200 29.05 2 1
 20130614 1200 29.06 2 1
 Time: 1200  4 Dec 2014 to 1200 17 Jan 2016 (index  2943 to  3352,  410 times)
 Depth (M):        1 QUALITY SOURCE
 YYYYMMDD HHMM   SST Q S
 20141204 1200 28.75 2 1
 20141205 1200 28.60 2 1
 20141206 1200 28.56 2 1
 20141207 1200 28.59 2 1
 20141208 1200 28.79 2 1
 20141209 1200 28.87 2 1
 20141210 1200 28.82 2 1
 20141211 1200 28.75 2 1
 20141212 1200 28.77 2 1
 20141213 1200 28.78 2 1
 20141214 1200 28.79 2 1
 20141215 1200 28.88 2 1
 20141216 1200 28.82 2 1
 20141217 1200 28.80 2 1
 20141218 1200 28.84 2 1
 20141219 1200 28.77 2 1
 20141220 1200 28.66 2 1
 20141221 1200 28.59 2 1
 20141222 1200 28.48 2 1
 20141223 1200 28.43 2 1
 20141224 1200 28.44 2 1
 20141225 1200 28.31 2 1
 20141226 1200 28.33 2 1
 20141227 1200 28.50 2 1
 20141228 1200 28.47 2 1
 20141229 1200 28.50 2 1
 20141230 1200 28.56 2 1
 20141231 1200 28.64 2 1
 20150101 1200 28.65 2 1
 20150102 1200 28.74 2 1
 20150103 1200 28.86 2 1
 20150104 1200 28.87 2 1
 20150105 1200 28.88 2 1
 20150106 1200 28.87 2 1
 20150107 1200 28.90 2 1
 20150108 1200 28.71 2 1
 20150109 1200 28.66 2 1
 20150110 1200 28.65 2 1
 20150111 1200 28.70 2 1
 20150112 1200 28.63 2 1
 20150113 1200 28.62 2 1
 20150114 1200 28.74 2 1
 20150115 1200 28.69 2 1
 20150116 1200 28.63 2 1
 20150117 1200 28.53 2 1
 20150118 1200 28.27 2 1
 20150119 1200 28.44 2 1
 20150120 1200 28.53 2 1
 20150121 1200 28.39 2 1
 20150122 1200 28.33 2 1
 20150123 1200 28.36 2 1
 20150124 1200 28.27 2 1
 20150125 1200 28.24 2 1
 20150126 1200 28.22 2 1
 20150127 1200 28.24 2 1
 20150128 1200 28.22 2 1
 20150129 1200 28.25 2 1
 20150130 1200 28.41 2 1
 20150131 1200 28.41 2 1
 20150201 1200 28.31 2 1
 20150202 1200 28.22 2 1
 20150203 1200 28.23 2 1
 20150204 1200 28.27 2 1
 20150205 1200 28.30 2 1
 20150206 1200 28.42 2 1
 20150207 1200 28.49 2 1
 20150208 1200 28.59 2 1
 20150209 1200 28.58 2 1
 20150210 1200 28.50 2 1
 20150211 1200 28.43 2 1
 20150212 1200 28.50 2 1
 20150213 1200 28.54 2 1
 20150214 1200 28.48 2 1
 20150215 1200 28.43 2 1
 20150216 1200 28.36 2 1
 20150217 1200 28.33 2 1
 20150218 1200 28.27 2 1
 20150219 1200 28.33 2 1
 20150220 1200 28.45 2 1
 20150221 1200 28.35 2 1
 20150222 1200 28.35 2 1
 20150223 1200 28.47 2 1
 20150224 1200 28.40 2 1
 20150225 1200 28.70 2 1
 20150226 1200 28.80 2 1
 20150227 1200 28.73 2 1
 20150228 1200 28.66 2 1
 20150301 1200 28.64 2 1
 20150302 1200 28.74 2 1
 20150303 1200 28.75 2 1
 20150304 1200 29.07 2 1
 20150305 1200 28.95 2 1
 20150306 1200 28.77 2 1
 20150307 1200 28.71 2 1
 20150308 1200 28.66 2 1
 20150309 1200 28.61 2 1
 20150310 1200 28.53 2 1
 20150311 1200 28.49 2 1
 20150312 1200 28.59 2 1
 20150313 1200 28.69 2 1
 20150314 1200 28.77 2 1
 20150315 1200 28.82 2 1
 20150316 1200 28.82 2 1
 20150317 1200 29.16 2 1
 20150318 1200 29.22 2 1
 20150319 1200 29.43 2 1
 20150320 1200 29.64 2 1
 20150321 1200 29.25 2 1
 20150322 1200 29.22 2 1
 20150323 1200 29.38 2 1
 20150324 1200 29.44 2 1
 20150325 1200 29.39 2 1
 20150326 1200 29.46 2 1
 20150327 1200 29.44 2 1
 20150328 1200 29.36 2 1
 20150329 1200 29.16 2 1
 20150330 1200 29.48 2 1
 20150331 1200 29.39 2 1
 20150401 1200 29.45 2 1
 20150402 1200 29.83 2 1
 20150403 1200 30.03 2 1
 20150404 1200 30.15 2 1
 20150405 1200 29.74 2 1
 20150406 1200 29.76 2 1
 20150407 1200 29.79 2 1
 20150408 1200 29.94 2 1
 20150409 1200 29.82 2 1
 20150410 1200 29.98 2 1
 20150411 1200 30.04 2 1
 20150412 1200 29.84 2 1
 20150413 1200 29.68 2 1
 20150414 1200 29.85 2 1
 20150415 1200 29.73 2 1
 20150416 1200 29.72 2 1
 20150417 1200 29.70 2 1
 20150418 1200 29.73 2 1
 20150419 1200 29.92 2 1
 20150420 1200 29.83 2 1
 20150421 1200 30.27 2 1
 20150422 1200 30.35 2 1
 20150423 1200 30.53 2 1
 20150424 1200 30.65 2 1
 20150425 1200 30.75 2 1
 20150426 1200 30.73 2 1
 20150427 1200 30.43 2 1
 20150428 1200 30.32 2 1
 20150429 1200 30.57 2 1
 20150430 1200 30.35 2 1
 20150501 1200 30.29 2 1
 20150502 1200 30.31 2 1
 20150503 1200 30.12 2 1
 20150504 1200 30.68 2 1
 20150505 1200 30.47 2 1
 20150506 1200 30.70 2 1
 20150507 1200 30.72 2 1
 20150508 1200 30.74 2 1
 20150509 1200 30.52 2 1
 20150510 1200 30.64 2 1
 20150511 1200 30.62 2 1
 20150512 1200 30.47 2 1
 20150513 1200 30.39 2 1
 20150514 1200 30.43 2 1
 20150515 1200 30.33 2 1
 20150516 1200 30.22 2 1
 20150517 1200 30.16 2 1
 20150518 1200 30.16 2 1
 20150519 1200 30.01 2 1
 20150520 1200 29.96 2 1
 20150521 1200 29.93 2 1
 20150522 1200 29.85 2 1
 20150523 1200 29.76 2 1
 20150524 1200 29.69 2 1
 20150525 1200 29.65 2 1
 20150526 1200 29.62 2 1
 20150527 1200 29.51 2 1
 20150528 1200 29.59 2 1
 20150529 1200 29.65 2 1
 20150530 1200 29.30 2 1
 20150531 1200 29.41 2 1
 20150601 1200 29.54 2 1
 20150602 1200 29.70 2 1
 20150603 1200 29.80 2 1
 20150604 1200 29.99 2 1
 20150605 1200 30.01 2 1
 20150606 1200 30.37 2 1
 20150607 1200 30.13 2 1
 20150608 1200 29.87 2 1
 20150609 1200 29.80 2 1
 20150610 1200 29.89 2 1
 20150611 1200 29.89 2 1
 20150612 1200 29.95 2 1
 20150613 1200 29.96 2 1
 20150614 1200 29.94 2 1
 20150615 1200 29.90 2 1
 20150616 1200 29.82 2 1
 20150617 1200 29.75 2 1
 20150618 1200 29.70 2 1
 20150619 1200 29.66 2 1
 20150620 1200 29.64 2 1
 20150621 1200 29.64 2 1
 20150622 1200 29.68 2 1
 20150623 1200 29.72 2 1
 20150624 1200 29.71 2 1
 20150625 1200 29.68 2 1
 20150626 1200 29.67 2 1
 20150627 1200 29.65 2 1
 20150628 1200 29.64 2 1
 20150629 1200 29.59 2 1
 20150630 1200 29.58 2 1
 20150701 1200 29.52 2 1
 20150702 1200 29.51 2 1
 20150703 1200 29.58 2 1
 20150704 1200 29.56 2 1
 20150705 1200 29.52 2 1
 20150706 1200 29.50 2 1
 20150707 1200 29.50 2 1
 20150708 1200 29.47 2 1
 20150709 1200 29.42 2 1
 20150710 1200 29.42 2 1
 20150711 1200 29.44 2 1
 20150712 1200 29.51 2 1
 20150713 1200 29.50 2 1
 20150714 1200 29.45 2 1
 20150715 1200 29.39 2 1
 20150716 1200 29.35 2 1
 20150717 1200 29.34 2 1
 20150718 1200 29.28 2 1
 20150719 1200 29.29 2 1
 20150720 1200 29.18 2 1
 20150721 1200 29.12 2 1
 20150722 1200 29.02 2 1
 20150723 1200 28.91 2 1
 20150724 1200 28.96 2 1
 20150725 1200 28.97 2 1
 20150726 1200 29.02 2 1
 20150727 1200 29.08 2 1
 20150728 1200 29.12 2 1
 20150729 1200 29.16 2 1
 20150730 1200 29.16 2 1
 20150731 1200 29.18 2 1
 20150801 1200 29.15 2 1
 20150802 1200 29.12 2 1
 20150803 1200 29.15 2 1
 20150804 1200 29.09 2 1
 20150805 1200 28.96 2 1
 20150806 1200 29.01 2 1
 20150807 1200 29.04 2 1
 20150808 1200 29.00 2 1
 20150809 1200 28.89 2 1
 20150810 1200 28.88 2 1
 20150811 1200 28.86 2 1
 20150812 1200 28.87 2 1
 20150813 1200 28.93 2 1
 20150814 1200 29.03 2 1
 20150815 1200 28.95 2 1
 20150816 1200 29.06 2 1
 20150817 1200 29.15 2 1
 20150818 1200 29.17 2 1
 20150819 1200 29.29 2 1
 20150820 1200 29.24 2 1
 20150821 1200 29.22 2 1
 20150822 1200 29.21 2 1
 20150823 1200 29.18 2 1
 20150824 1200 29.22 2 1
 20150825 1200 29.09 2 1
 20150826 1200 29.07 2 1
 20150827 1200 29.09 2 1
 20150828 1200 29.05 2 1
 20150829 1200 29.07 2 1
 20150830 1200 29.04 2 1
 20150831 1200 28.99 2 1
 20150901 1200 29.08 2 1
 20150902 1200 29.08 2 1
 20150903 1200 29.20 2 1
 20150904 1200 28.98 2 1
 20150905 1200 29.10 2 1
 20150906 1200 29.34 2 1
 20150907 1200 29.26 2 1
 20150908 1200 29.20 2 1
 20150909 1200 29.17 2 1
 20150910 1200 29.09 2 1
 20150911 1200 28.99 2 1
 20150912 1200 29.04 2 1
 20150913 1200 29.11 2 1
 20150914 1200 29.24 2 1
 20150915 1200 29.21 2 1
 20150916 1200 29.12 2 1
 20150917 1200 29.21 2 1
 20150918 1200 29.21 2 1
 20150919 1200 29.18 2 1
 20150920 1200 29.24 2 1
 20150921 1200 29.30 2 1
 20150922 1200 29.40 2 1
 20150923 1200 29.32 2 1
 20150924 1200 29.25 2 1
 20150925 1200 29.11 2 1
 20150926 1200 28.94 2 1
 20150927 1200 28.83 2 1
 20150928 1200 28.78 2 1
 20150929 1200 28.62 2 1
 20150930 1200 28.63 2 1
 20151001 1200 28.54 2 1
 20151002 1200 28.56 2 1
 20151003 1200 28.54 2 1
 20151004 1200 28.54 2 1
 20151005 1200 28.70 2 1
 20151006 1200 28.72 2 1
 20151007 1200 28.72 2 1
 20151008 1200 28.87 2 1
 20151009 1200 28.94 2 1
 20151010 1200 29.05 2 1
 20151011 1200 29.01 2 1
 20151012 1200 29.12 2 1
 20151013 1200 29.41 2 1
 20151014 1200 29.58 2 1
 20151015 1200 29.27 2 1
 20151016 1200 29.39 2 1
 20151017 1200 29.56 2 1
 20151018 1200 30.10 2 1
 20151019 1200 29.88 2 1
 20151020 1200 30.55 2 1
 20151021 1200 30.60 2 1
 20151022 1200 30.24 2 1
 20151023 1200 30.25 2 1
 20151024 1200 30.02 2 1
 20151025 1200 29.98 2 1
 20151026 1200 29.83 2 1
 20151027 1200 29.62 2 1
 20151028 1200 29.54 2 1
 20151029 1200 29.34 2 1
 20151030 1200 29.36 2 1
 20151031 1200 29.38 2 1
 20151101 1200 29.38 2 1
 20151102 1200 29.35 2 1
 20151103 1200 29.61 2 1
 20151104 1200 29.70 2 1
 20151105 1200 29.55 2 1
 20151106 1200 29.39 2 1
 20151107 1200 29.27 2 1
 20151108 1200 29.26 2 1
 20151109 1200 29.25 2 1
 20151110 1200 29.32 2 1
 20151111 1200 29.36 2 1
 20151112 1200 29.30 2 1
 20151113 1200 29.27 2 1
 20151114 1200 29.23 2 1
 20151115 1200 29.25 2 1
 20151116 1200 29.23 2 1
 20151117 1200 29.55 2 1
 20151118 1200 29.58 2 1
 20151119 1200 29.43 2 1
 20151120 1200 29.31 2 1
 20151121 1200 29.45 2 1
 20151122 1200 29.42 2 1
 20151123 1200 29.39 2 1
 20151124 1200 29.45 2 1
 20151125 1200 29.20 2 1
 20151126 1200 28.84 2 1
 20151127 1200 29.14 2 1
 20151128 1200 29.23 2 1
 20151129 1200 29.20 2 1
 20151130 1200 29.18 2 1
 20151201 1200 29.18 2 1
 20151202 1200 29.24 2 1
 20151203 1200 29.53 2 1
 20151204 1200 29.30 2 1
 20151205 1200 29.23 2 1
 20151206 1200 29.05 2 1
 20151207 1200 29.01 2 1
 20151208 1200 29.12 2 1
 20151209 1200 29.04 2 1
 20151210 1200 28.90 2 1
 20151211 1200 29.13 2 1
 20151212 1200 29.06 2 1
 20151213 1200 29.00 2 1
 20151214 1200 28.99 2 1
 20151215 1200 29.27 2 1
 20151216 1200 28.97 2 1
 20151217 1200 28.95 2 1
 20151218 1200 28.99 2 1
 20151219 1200 29.01 2 1
 20151220 1200 28.90 2 1
 20151221 1200 29.00 2 1
 20151222 1200 29.03 2 1
 20151223 1200 29.09 2 1
 20151224 1200 29.10 2 1
 20151225 1200 29.10 2 1
 20151226 1200 29.04 2 1
 20151227 1200 29.05 2 1
 20151228 1200 29.05 2 1
 20151229 1200 29.11 2 1
 20151230 1200 29.10 2 1
 20151231 1200 28.99 2 1
 20160101 1200 28.95 2 1
 20160102 1200 28.94 2 1
 20160103 1200 29.01 2 1
 20160104 1200 28.88 2 1
 20160105 1200 28.99 2 1
 20160106 1200 28.93 2 1
 20160107 1200 28.88 2 1
 20160108 1200 28.95 2 1
 20160109 1200 28.98 2 1
 20160110 1200 29.00 2 1
 20160111 1200 28.85 2 1
 20160112 1200 28.52 2 1
 20160113 1200 28.52 2 1
 20160114 1200 28.41 2 1
 20160115 1200 28.42 2 1
 20160116 1200 28.44 2 1
 20160117 1200 28.61 2 1
 Time: 1200  7 Mar 2016 to 1200 22 Mar 2017 (index  3402 to  3782,  381 times)
 Depth (M):        1 QUALITY SOURCE
 YYYYMMDD HHMM   SST Q S
 20160307 1200 28.88 2 5
 20160308 1200 28.94 2 5
 20160309 1200 29.01 2 5
 20160310 1200 29.13 2 5
 20160311 1200 29.18 2 5
 20160312 1200 29.45 2 5
 20160313 1200 29.30 2 5
 20160314 1200 29.34 2 5
 20160315 1200 29.44 2 5
 20160316 1200 29.34 2 5
 20160317 1200 29.28 2 5
 20160318 1200 29.40 2 5
 20160319 1200 29.35 2 5
 20160320 1200 29.62 2 5
 20160321 1200 29.68 2 5
 20160322 1200 29.75 2 5
 20160323 1200 29.98 2 5
 20160324 1200 29.69 2 5
 20160325 1200 29.79 2 5
 20160326 1200 29.67 2 5
 20160327 1200 29.70 2 5
 20160328 1200 29.75 2 5
 20160329 1200 29.71 2 5
 20160330 1200 29.71 2 5
 20160331 1200 29.97 2 5
 20160401 1200 30.02 2 5
 20160402 1200 30.18 2 5
 20160403 1200 30.29 2 5
 20160404 1200 30.25 2 5
 20160405 1200 30.72 2 5
 20160406 1200 30.72 2 5
 20160407 1200 30.50 2 5
 20160408 1200 30.45 2 5
 20160409 1200 30.49 2 5
 20160410 1200 30.57 2 5
 20160411 1200 30.96 2 5
 20160412 1200 31.17 2 5
 20160413 1200 31.21 2 5
 20160414 1200 31.25 2 5
 20160415 1200 31.18 2 5
 20160416 1200 31.25 2 5
 20160417 1200 31.08 2 5
 20160418 1200 31.01 2 5
 20160419 1200 30.97 2 5
 20160420 1200 31.00 2 5
 20160421 1200 31.33 2 5
 20160422 1200 31.69 2 5
 20160423 1200 31.67 2 5
 20160424 1200 31.81 2 5
 20160425 1200 31.83 2 5
 20160426 1200 31.49 2 5
 20160427 1200 31.75 2 5
 20160428 1200 31.73 2 5
 20160429 1200 31.72 2 5
 20160430 1200 31.96 2 5
 20160501 1200 31.93 2 5
 20160502 1200 31.84 2 5
 20160503 1200 31.98 2 5
 20160504 1200 31.95 2 5
 20160505 1200 31.67 2 5
 20160506 1200 31.71 2 5
 20160507 1200 31.90 2 5
 20160508 1200 31.94 2 5
 20160509 1200 31.68 2 5
 20160510 1200 31.53 2 5
 20160511 1200 31.60 2 5
 20160512 1200 31.48 2 5
 20160513 1200 31.66 2 5
 20160514 1200 31.38 2 5
 20160515 1200 30.89 2 5
 20160516 1200 30.75 2 5
 20160517 1200 30.81 2 5
 20160518 1200 30.73 2 5
 20160519 1200 30.64 2 5
 20160520 1200 30.55 2 5
 20160521 1200 30.57 2 5
 20160522 1200 30.58 2 5
 20160523 1200 30.61 2 5
 20160524 1200 30.52 2 5
 20160525 1200 30.36 2 5
 20160526 1200 30.44 2 5
 20160527 1200 30.50 2 5
 20160528 1200 30.62 2 5
 20160529 1200 30.57 2 5
 20160530 1200 30.45 2 5
 20160531 1200 30.30 2 5
 20160601 1200 30.25 2 5
 20160602 1200 30.02 2 5
 20160603 1200 29.90 2 5
 20160604 1200 29.84 2 5
 20160605 1200 29.78 2 5
 20160606 1200 29.84 2 5
 20160607 1200 29.86 2 5
 20160608 1200 29.90 2 5
 20160609 1200 29.96 2 5
 20160610 1200 30.03 2 5
 20160611 1200 30.01 2 5
 20160612 1200 29.96 2 5
 20160613 1200 29.86 2 5
 20160614 1200 29.78 2 5
 20160615 1200 29.73 2 5
 20160616 1200 29.66 2 5
 20160617 1200 29.59 2 5
 20160618 1200 29.51 2 5
 20160619 1200 29.46 2 5
 20160620 1200 29.39 2 5
 20160621 1200 29.32 2 5
 20160622 1200 29.27 2 5
 20160623 1200 29.18 2 5
 20160624 1200 29.14 2 5
 20160625 1200 29.08 2 5
 20160626 1200 29.14 2 5
 20160627 1200 29.16 2 5
 20160628 1200 29.13 2 5
 20160629 1200 29.08 2 5
 20160630 1200 28.98 2 5
 20160701 1200 28.64 2 5
 20160702 1200 28.67 2 5
 20160703 1200 28.73 2 5
 20160704 1200 29.12 2 5
 20160705 1200 29.14 2 5
 20160706 1200 28.79 2 5
 20160707 1200 28.79 2 5
 20160708 1200 28.82 2 5
 20160709 1200 28.96 2 5
 20160710 1200 29.06 2 5
 20160711 1200 29.08 2 5
 20160712 1200 29.13 2 5
 20160713 1200 29.27 2 5
 20160714 1200 29.35 2 5
 20160715 1200 29.21 2 5
 20160716 1200 29.25 2 5
 20160717 1200 29.22 2 5
 20160718 1200 29.28 2 5
 20160719 1200 29.26 2 5
 20160720 1200 29.06 2 5
 20160721 1200 29.08 2 5
 20160722 1200 29.05 2 5
 20160723 1200 29.05 2 5
 20160724 1200 29.03 2 5
 20160725 1200 28.99 2 5
 20160726 1200 28.96 2 5
 20160727 1200 29.01 2 5
 20160728 1200 28.84 2 5
 20160729 1200 28.73 2 5
 20160730 1200 28.53 2 5
 20160731 1200 28.62 2 5
 20160801 1200 28.75 2 5
 20160802 1200 28.78 2 5
 20160803 1200 28.77 2 5
 20160804 1200 28.85 2 5
 20160805 1200 28.97 2 5
 20160806 1200 29.02 2 5
 20160807 1200 29.03 2 5
 20160808 1200 29.06 2 5
 20160809 1200 29.05 2 5
 20160810 1200 29.07 2 5
 20160811 1200 29.10 2 5
 20160812 1200 29.10 2 5
 20160813 1200 29.07 2 5
 20160814 1200 29.06 2 5
 20160815 1200 29.04 2 5
 20160816 1200 29.03 2 5
 20160817 1200 29.01 2 5
 20160818 1200 29.02 2 5
 20160819 1200 29.04 2 5
 20160820 1200 29.09 2 5
 20160821 1200 29.08 2 5
 20160822 1200 29.25 2 5
 20160823 1200 29.09 2 5
 20160824 1200 29.16 2 5
 20160825 1200 29.01 2 5
 20160826 1200 28.84 2 5
 20160827 1200 28.77 2 5
 20160828 1200 28.83 2 5
 20160829 1200 28.77 2 5
 20160830 1200 28.75 2 5
 20160831 1200 28.76 2 5
 20160901 1200 28.69 2 5
 20160902 1200 28.56 2 5
 20160903 1200 28.54 2 5
 20160904 1200 28.55 2 5
 20160905 1200 28.56 2 5
 20160906 1200 28.55 2 5
 20160907 1200 28.61 2 5
 20160908 1200 28.60 2 5
 20160909 1200 28.60 2 5
 20160910 1200 28.59 2 5
 20160911 1200 28.60 2 5
 20160912 1200 28.59 2 5
 20160913 1200 28.63 2 5
 20160914 1200 28.65 2 5
 20160915 1200 28.72 2 5
 20160916 1200 28.81 2 5
 20160917 1200 28.83 2 5
 20160918 1200 28.83 2 5
 20160919 1200 28.81 2 5
 20160920 1200 28.82 2 5
 20160921 1200 28.81 2 5
 20160922 1200 28.80 2 5
 20160923 1200 28.79 2 5
 20160924 1200 28.81 2 5
 20160925 1200 28.79 2 5
 20160926 1200 28.82 2 5
 20160927 1200 28.89 2 5
 20160928 1200 28.92 2 5
 20160929 1200 28.95 2 5
 20160930 1200 28.94 2 5
 20161001 1200 28.89 2 5
 20161002 1200 28.90 2 5
 20161003 1200 28.96 2 5
 20161004 1200 28.98 2 5
 20161005 1200 28.96 2 5
 20161006 1200 29.01 2 5
 20161007 1200 28.98 2 5
 20161008 1200 28.99 2 5
 20161009 1200 28.98 2 5
 20161010 1200 28.97 2 5
 20161011 1200 28.95 2 5
 20161012 1200 28.92 2 5
 20161013 1200 28.94 2 5
 20161014 1200 28.95 2 5
 20161015 1200 29.05 2 5
 20161016 1200 28.77 2 5
 20161017 1200 28.66 2 5
 20161018 1200 28.66 2 5
 20161019 1200 28.57 2 5
 20161020 1200 28.54 2 5
 20161021 1200 28.36 2 5
 20161022 1200 28.45 2 5
 20161023 1200 28.36 2 5
 20161024 1200 28.44 2 5
 20161025 1200 28.55 2 5
 20161026 1200 28.67 2 5
 20161027 1200 28.95 2 5
 20161028 1200 28.86 2 5
 20161029 1200 29.10 2 5
 20161030 1200 29.18 2 5
 20161031 1200 29.29 2 5
 20161101 1200 29.37 2 5
 20161102 1200 29.29 2 5
 20161103 1200 28.79 2 5
 20161104 1200 28.56 2 5
 20161105 1200 28.56 2 5
 20161106 1200 28.65 2 5
 20161107 1200 28.55 2 5
 20161108 1200 28.78 2 5
 20161109 1200 28.91 2 5
 20161110 1200 29.05 2 5
 20161111 1200 29.09 2 5
 20161112 1200 29.13 2 5
 20161113 1200 29.08 2 5
 20161114 1200 28.91 2 5
 20161115 1200 28.83 2 5
 20161116 1200 28.71 2 5
 20161117 1200 28.68 2 5
 20161118 1200 28.65 2 5
 20161119 1200 28.66 2 5
 20161120 1200 28.73 2 5
 20161121 1200 28.75 2 5
 20161122 1200 28.77 2 5
 20161123 1200 28.82 2 5
 20161124 1200 28.91 2 5
 20161125 1200 28.82 2 5
 20161126 1200 29.00 2 5
 20161127 1200 28.89 2 5
 20161128 1200 28.86 2 5
 20161129 1200 28.73 2 5
 20161130 1200 28.63 2 5
 20161201 1200 28.70 2 5
 20161202 1200 29.02 2 5
 20161203 1200 28.72 2 5
 20161204 1200 28.61 2 5
 20161205 1200 28.65 2 5
 20161206 1200 28.62 2 5
 20161207 1200 28.62 2 5
 20161208 1200 28.52 2 5
 20161209 1200 28.36 2 5
 20161210 1200 28.25 2 5
 20161211 1200 28.26 2 5
 20161212 1200 28.38 2 5
 20161213 1200 28.40 2 5
 20161214 1200 28.59 2 5
 20161215 1200 28.62 2 5
 20161216 1200 28.54 2 5
 20161217 1200 28.41 2 5
 20161218 1200 28.71 2 5
 20161219 1200 28.97 2 5
 20161220 1200 29.00 2 5
 20161221 1200 28.78 2 5
 20161222 1200 28.69 2 5
 20161223 1200 28.57 2 5
 20161224 1200 28.53 2 5
 20161225 1200 28.78 2 5
 20161226 1200 28.66 2 5
 20161227 1200 28.59 2 5
 20161228 1200 28.65 2 5
 20161229 1200 28.60 2 5
 20161230 1200 28.50 2 5
 20161231 1200 28.39 2 5
 20170101 1200 28.34 2 5
 20170102 1200 28.21 2 5
 20170103 1200 28.22 2 5
 20170104 1200 28.12 2 5
 20170105 1200 28.18 2 5
 20170106 1200 28.20 2 5
 20170107 1200 28.27 2 5
 20170108 1200 28.37 2 5
 20170109 1200 28.34 2 5
 20170110 1200 28.35 2 5
 20170111 1200 28.27 2 5
 20170112 1200 28.36 2 5
 20170113 1200 28.33 2 5
 20170114 1200 28.31 2 1
 20170115 1200 28.27 2 1
 20170116 1200 28.20 2 1
 20170117 1200 28.17 2 1
 20170118 1200 28.06 2 1
 20170119 1200 28.36 2 1
 20170120 1200 28.26 2 1
 20170121 1200 28.25 2 1
 20170122 1200 28.10 2 1
 20170123 1200 28.12 2 1
 20170124 1200 28.12 2 1
 20170125 1200 28.13 2 1
 20170126 1200 28.18 2 1
 20170127 1200 28.08 2 1
 20170128 1200 28.08 2 1
 20170129 1200 28.17 2 1
 20170130 1200 28.17 2 1
 20170131 1200 28.28 2 1
 20170201 1200 28.20 2 1
 20170202 1200 28.10 2 1
 20170203 1200 28.12 2 1
 20170204 1200 28.09 2 1
 20170205 1200 28.14 2 1
 20170206 1200 28.13 2 1
 20170207 1200 28.20 2 1
 20170208 1200 28.11 2 1
 20170209 1200 28.12 2 1
 20170210 1200 28.17 2 1
 20170211 1200 28.16 2 1
 20170212 1200 28.40 2 1
 20170213 1200 28.55 2 1
 20170214 1200 28.49 2 1
 20170215 1200 28.50 2 1
 20170216 1200 28.48 2 1
 20170217 1200 28.44 2 1
 20170218 1200 28.44 2 1
 20170219 1200 28.49 2 1
 20170220 1200 28.65 2 1
 20170221 1200 28.71 2 1
 20170222 1200 28.64 2 1
 20170223 1200 28.61 2 1
 20170224 1200 28.55 2 1
 20170225 1200 28.48 2 1
 20170226 1200 28.50 2 1
 20170227 1200 28.69 2 1
 20170228 1200 28.59 2 1
 20170301 1200 28.53 2 1
 20170302 1200 28.54 2 1
 20170303 1200 28.62 2 1
 20170304 1200 28.94 2 1
 20170305 1200 28.91 2 1
 20170306 1200 28.86 2 1
 20170307 1200 29.09 2 1
 20170308 1200 29.05 2 1
 20170309 1200 29.06 2 1
 20170310 1200 29.15 2 1
 20170311 1200 29.57 2 1
 20170312 1200 29.54 2 1
 20170313 1200 29.29 2 1
 20170314 1200 29.22 2 1
 20170315 1200 29.05 2 1
 20170316 1200 29.16 2 1
 20170317 1200 29.08 2 1
 20170318 1200 29.43 2 1
 20170319 1200 29.81 2 1
 20170320 1200 29.90 2 1
 20170321 1200 29.52 2 1
 20170322 1200 29.27 2 1
 Time: 1200 18 Nov 2018 to 1200 19 Aug 2019 (index  4388 to  4662,  275 times)
 Depth (M):        1 QUALITY SOURCE
 YYYYMMDD HHMM   SST Q S
 20181118 1200 28.88 2 1
 20181119 1200 28.81 2 1
 20181120 1200 28.89 2 1
 20181121 1200 29.23 2 1
 20181122 1200 29.18 2 1
 20181123 1200 29.06 2 1
 20181124 1200 29.10 2 1
 20181125 1200 29.36 2 1
 20181126 1200 29.26 2 1
 20181127 1200 29.24 2 1
 20181128 1200 29.13 2 1
 20181129 1200 29.13 2 1
 20181130 1200 29.08 2 1
 20181201 1200 28.99 2 1
 20181202 1200 29.04 2 1
 20181203 1200 29.01 2 1
 20181204 1200 29.01 2 1
 20181205 1200 29.01 2 1
 20181206 1200 28.81 2 1
 20181207 1200 28.74 2 1
 20181208 1200 28.74 2 1
 20181209 1200 28.95 2 1
 20181210 1200 28.98 2 1
 20181211 1200 28.85 2 1
 20181212 1200 28.70 2 1
 20181213 1200 28.64 2 1
 20181214 1200 28.75 2 1
 20181215 1200 28.75 2 1
 20181216 1200 28.58 2 1
 20181217 1200 28.97 2 1
 20181218 1200 28.80 2 1
 20181219 1200 28.70 2 1
 20181220 1200 28.71 2 1
 20181221 1200 28.84 2 1
 20181222 1200 28.91 2 1
 20181223 1200 28.93 2 1
 20181224 1200 28.96 2 1
 20181225 1200 29.05 2 1
 20181226 1200 28.94 2 1
 20181227 1200 28.97 2 1
 20181228 1200 28.92 2 1
 20181229 1200 28.84 2 1
 20181230 1200 28.84 2 1
 20181231 1200 28.84 2 1
 20190101 1200 28.81 2 1
 20190102 1200 28.83 2 1
 20190103 1200 28.80 2 1
 20190104 1200 28.92 2 1
 20190105 1200 28.91 2 1
 20190106 1200 28.88 2 1
 20190107 1200 28.76 2 1
 20190108 1200 29.01 2 1
 20190109 1200 29.02 2 1
 20190110 1200 28.93 2 1
 20190111 1200 28.89 2 1
 20190112 1200 28.88 2 1
 20190113 1200 28.89 2 1
 20190114 1200 28.90 2 1
 20190115 1200 28.79 2 1
 20190116 1200 28.70 2 1
 20190117 1200 28.62 2 1
 20190118 1200 28.57 2 1
 20190119 1200 28.62 2 1
 20190120 1200 28.60 2 1
 20190121 1200 28.61 2 1
 20190122 1200 28.49 2 1
 20190123 1200 28.49 2 1
 20190124 1200 28.45 2 1
 20190125 1200 28.45 2 1
 20190126 1200 28.75 2 1
 20190127 1200 28.68 2 1
 20190128 1200 28.72 2 1
 20190129 1200 28.62 2 1
 20190130 1200 28.50 2 1
 20190131 1200 28.45 2 1
 20190201 1200 28.56 2 1
 20190202 1200 28.58 2 1
 20190203 1200 28.78 2 1
 20190204 1200 28.78 2 1
 20190205 1200 28.78 2 1
 20190206 1200 28.76 2 1
 20190207 1200 28.81 2 1
 20190208 1200 29.00 2 1
 20190209 1200 28.90 2 1
 20190210 1200 28.92 2 1
 20190211 1200 28.91 2 1
 20190212 1200 28.88 2 1
 20190213 1200 28.89 2 1
 20190214 1200 28.94 2 1
 20190215 1200 28.96 2 1
 20190216 1200 29.11 2 1
 20190217 1200 29.25 2 1
 20190218 1200 29.45 2 1
 20190219 1200 29.38 2 1
 20190220 1200 29.23 2 1
 20190221 1200 29.12 2 1
 20190222 1200 29.06 2 1
 20190223 1200 28.95 2 1
 20190224 1200 28.82 2 1
 20190225 1200 28.75 2 1
 20190226 1200 28.64 2 1
 20190227 1200 28.74 2 1
 20190228 1200 29.02 2 1
 20190301 1200 28.87 2 1
 20190302 1200 28.87 2 1
 20190303 1200 28.87 2 1
 20190304 1200 29.04 2 1
 20190305 1200 29.31 2 1
 20190306 1200 29.63 2 1
 20190307 1200 30.33 2 1
 20190308 1200 29.99 2 1
 20190309 1200 29.76 2 1
 20190310 1200 29.62 2 1
 20190311 1200 29.56 2 1
 20190312 1200 29.56 2 1
 20190313 1200 29.53 2 1
 20190314 1200 29.53 2 1
 20190315 1200 29.64 2 1
 20190316 1200 29.59 2 1
 20190317 1200 29.57 2 1
 20190318 1200 29.59 2 1
 20190319 1200 29.77 2 1
 20190320 1200 29.71 2 1
 20190321 1200 29.78 2 1
 20190322 1200 29.87 2 1
 20190323 1200 29.97 2 1
 20190324 1200 29.87 2 1
 20190325 1200 29.71 2 1
 20190326 1200 29.76 2 1
 20190327 1200 29.93 2 1
 20190328 1200 29.83 2 1
 20190329 1200 30.29 2 1
 20190330 1200 30.72 2 1
 20190331 1200 30.65 2 1
 20190401 1200 30.78 2 1
 20190402 1200 30.87 2 1
 20190403 1200 30.56 2 1
 20190404 1200 30.63 2 1
 20190405 1200 30.84 2 1
 20190406 1200 30.77 2 1
 20190407 1200 30.64 2 1
 20190408 1200 30.76 2 1
 20190409 1200 30.87 2 1
 20190410 1200 30.81 2 1
 20190411 1200 30.86 2 1
 20190412 1200 31.10 2 1
 20190413 1200 31.18 2 1
 20190414 1200 31.17 2 1
 20190415 1200 31.26 2 1
 20190416 1200 30.83 2 1
 20190417 1200 31.38 2 1
 20190418 1200 31.15 2 1
 20190419 1200 31.70 2 1
 20190420 1200 31.59 2 1
 20190421 1200 31.55 2 1
 20190422 1200 31.20 2 1
 20190423 1200 31.30 2 1
 20190424 1200 31.15 2 1
 20190425 1200 31.03 2 1
 20190426 1200 30.87 2 1
 20190427 1200 30.65 2 1
 20190428 1200 30.24 2 1
 20190429 1200 29.77 2 1
 20190430 1200 29.36 2 1
 20190501 1200 29.42 2 1
 20190502 1200 29.07 2 1
 20190503 1200 28.88 2 1
 20190504 1200 28.88 2 1
 20190505 1200 29.40 2 1
 20190506 1200 29.52 2 1
 20190507 1200 29.45 2 1
 20190508 1200 29.61 2 1
 20190509 1200 29.76 2 1
 20190510 1200 29.91 2 1
 20190511 1200 30.05 2 1
 20190512 1200 29.75 2 1
 20190513 1200 29.77 2 1
 20190514 1200 29.88 2 1
 20190515 1200 29.94 2 1
 20190516 1200 29.92 2 1
 20190517 1200 29.96 2 1
 20190518 1200 30.03 2 1
 20190519 1200 30.04 2 1
 20190520 1200 30.04 2 1
 20190521 1200 30.14 2 1
 20190522 1200 30.27 2 1
 20190523 1200 30.51 2 1
 20190524 1200 30.28 2 1
 20190525 1200 30.34 2 1
 20190526 1200 30.39 2 1
 20190527 1200 30.35 2 1
 20190528 1200 30.23 2 1
 20190529 1200 30.16 2 1
 20190530 1200 30.08 2 1
 20190531 1200 30.02 2 1
 20190601 1200 30.02 2 1
 20190602 1200 30.01 2 1
 20190603 1200 30.10 2 1
 20190604 1200 30.19 2 1
 20190605 1200 30.21 2 1
 20190606 1200 30.23 2 1
 20190607 1200 30.03 2 1
 20190608 1200 30.00 2 1
 20190609 1200 29.87 2 1
 20190610 1200 29.85 2 1
 20190611 1200 29.82 2 1
 20190612 1200 29.80 2 1
 20190613 1200 29.79 2 1
 20190614 1200 29.73 2 1
 20190615 1200 29.68 2 1
 20190616 1200 29.70 2 1
 20190617 1200 29.65 2 1
 20190618 1200 29.62 2 1
 20190619 1200 29.63 2 1
 20190620 1200 29.58 2 1
 20190621 1200 29.56 2 1
 20190622 1200 29.57 2 1
 20190623 1200 29.53 2 1
 20190624 1200 29.38 2 1
 20190625 1200 29.32 2 1
 20190626 1200 29.28 2 1
 20190627 1200 29.31 2 1
 20190628 1200 29.37 2 1
 20190629 1200 29.27 2 1
 20190630 1200 29.28 2 1
 20190701 1200 29.33 2 1
 20190702 1200 29.35 2 1
 20190703 1200 29.39 2 1
 20190704 1200 29.33 2 1
 20190705 1200 29.30 2 1
 20190706 1200 29.30 2 1
 20190707 1200 29.33 2 1
 20190708 1200 29.34 2 1
 20190709 1200 29.39 2 1
 20190710 1200 29.49 2 1
 20190711 1200 29.56 2 1
 20190712 1200 29.59 2 1
 20190713 1200 29.57 2 1
 20190714 1200 29.54 2 1
 20190715 1200 29.45 2 1
 20190716 1200 29.48 2 1
 20190717 1200 29.47 2 1
 20190718 1200 29.46 2 1
 20190719 1200 29.42 2 1
 20190720 1200 29.28 2 1
 20190721 1200 29.31 2 1
 20190722 1200 29.27 2 1
 20190723 1200 29.25 2 1
 20190724 1200 29.27 2 1
 20190725 1200 29.19 2 1
 20190726 1200 29.20 2 1
 20190727 1200 29.20 2 1
 20190728 1200 29.20 2 1
 20190729 1200 29.19 2 1
 20190730 1200 29.21 2 1
 20190731 1200 29.21 2 1
 20190801 1200 29.19 2 1
 20190802 1200 29.16 2 1
 20190803 1200 29.18 2 1
 20190804 1200 29.16 2 1
 20190805 1200 29.12 2 1
 20190806 1200 28.92 2 1
 20190807 1200 29.08 2 1
 20190808 1200 29.01 2 1
 20190809 1200 29.04 2 1
 20190810 1200 29.12 2 1
 20190811 1200 29.14 2 1
 20190812 1200 29.18 2 1
 20190813 1200 29.15 2 1
 20190814 1200 29.10 2 1
 20190815 1200 29.14 2 1
 20190816 1200 29.00 2 1
 20190817 1200 28.93 2 1
 20190818 1200 28.92 2 1
 20190819 1200 29.05 2 1
 Time: 1200 28 Nov 2019 to 1200 21 Feb 2020 (index  4763 to  4848,   86 times)
 Depth (M):        1 QUALITY SOURCE
 YYYYMMDD HHMM   SST Q S
 20191128 1200 29.13 2 1
 20191129 1200 29.22 2 1
 20191130 1200 29.26 2 1
 20191201 1200 29.25 2 1
 20191202 1200 29.19 2 1
 20191203 1200 29.08 2 1
 20191204 1200 29.08 2 1
 20191205 1200 29.03 2 1
 20191206 1200 28.79 2 1
 20191207 1200 28.52 2 1
 20191208 1200 28.37 2 1
 20191209 1200 28.37 2 1
 20191210 1200 28.37 2 1
 20191211 1200 28.50 2 1
 20191212 1200 28.48 2 1
 20191213 1200 28.41 2 1
 20191214 1200 28.40 2 1
 20191215 1200 28.23 2 1
 20191216 1200 28.09 2 1
 20191217 1200 28.23 2 1
 20191218 1200 28.34 2 1
 20191219 1200 28.35 2 1
 20191220 1200 28.23 2 1
 20191221 1200 28.45 2 1
 20191222 1200 28.59 2 1
 20191223 1200 28.59 2 1
 20191224 1200 28.46 2 1
 20191225 1200 28.38 2 1
 20191226 1200 28.36 2 1
 20191227 1200 28.35 2 1
 20191228 1200 28.14 2 1
 20191229 1200 28.10 2 1
 20191230 1200 28.19 2 1
 20191231 1200 28.20 2 1
 20200101 1200 28.14 2 1
 20200102 1200 27.99 2 1
 20200103 1200 27.90 2 1
 20200104 1200 28.06 2 1
 20200105 1200 28.03 2 1
 20200106 1200 28.05 2 1
 20200107 1200 28.07 2 1
 20200108 1200 28.19 2 1
 20200109 1200 28.24 2 1
 20200110 1200 28.42 2 1
 20200111 1200 28.36 2 1
 20200112 1200 28.25 2 1
 20200113 1200 28.19 2 1
 20200114 1200 28.17 2 1
 20200115 1200 28.28 2 1
 20200116 1200 28.36 2 1
 20200117 1200 28.35 2 1
 20200118 1200 28.31 2 1
 20200119 1200 28.32 2 1
 20200120 1200 28.22 2 1
 20200121 1200 28.25 2 1
 20200122 1200 28.24 2 1
 20200123 1200 28.19 2 1
 20200124 1200 28.31 2 1
 20200125 1200 28.31 2 1
 20200126 1200 28.27 2 1
 20200127 1200 28.29 2 1
 20200128 1200 28.20 2 1
 20200129 1200 28.15 2 1
 20200130 1200 28.13 2 1
 20200131 1200 28.07 2 1
 20200201 1200 28.10 2 1
 20200202 1200 28.16 2 1
 20200203 1200 28.18 2 1
 20200204 1200 28.25 2 1
 20200205 1200 28.34 2 1
 20200206 1200 28.33 2 1
 20200207 1200 28.26 2 1
 20200208 1200 28.27 2 1
 20200209 1200 28.28 2 1
 20200210 1200 28.30 2 1
 20200211 1200 28.27 2 1
 20200212 1200 28.26 2 1
 20200213 1200 28.15 2 1
 20200214 1200 28.24 2 1
 20200215 1200 28.37 2 1
 20200216 1200 28.44 2 1
 20200217 1200 28.34 2 1
 20200218 1200 28.54 2 1
 20200219 1200 28.44 2 1
 20200220 1200 28.34 2 1
 20200221 1200 28.31 2 1
