 Location:  4N  90E  16 Nov 2006 to 31 Jul 2018 ( 4276 times,  9 blocks) Gen. Date Feb 18 2025
 Units: Precipitation (MM/HR), -9.99 = missing
 Time: 1200 16 Nov 2006 to 1200 28 May 2007 (index     1 to   194,  194 times)
 Depth (M):     -3.5  -3.5  -3.5 QUALITY and SOURCE
 YYYYMMDD HHMM  Prec StDev %Time Q S
 20061116 1200  0.18  0.99  2.70 1 5
 20061117 1200  0.02  0.27  0.80 1 5
 20061118 1200  0.51  3.00  4.40 1 5
 20061119 1200  0.01  0.08  0.00 1 5
 20061120 1200  1.49  6.91 12.90 1 5
 20061121 1200  0.39  2.46  5.10 1 5
 20061122 1200  0.00  0.02  0.00 1 5
 20061123 1200  0.76  2.96  9.70 1 5
 20061124 1200  0.15  0.82  3.50 1 5
 20061125 1200  0.02  0.11  0.00 1 5
 20061126 1200  0.20  0.79  4.30 1 5
 20061127 1200  0.61  2.94  8.10 1 5
 20061128 1200  0.00  0.04  0.00 1 5
 20061129 1200  0.04  0.36  1.30 1 5
 20061130 1200  1.27  6.12 15.40 1 5
 20061201 1200  0.00  0.01  0.00 1 5
 20061202 1200  0.32  1.49  4.90 1 5
 20061203 1200  0.02  0.18  1.40 1 5
 20061204 1200 -0.01  0.04  0.00 1 5
 20061205 1200 -0.01  0.02  0.00 1 5
 20061206 1200 -0.01  0.02  0.00 1 5
 20061207 1200  0.00  0.05  0.00 1 5
 20061208 1200  0.00  0.02  0.00 1 5
 20061209 1200  0.36  2.67  2.90 1 5
 20061210 1200  0.00  0.05  0.00 1 5
 20061211 1200  0.00  0.03  0.00 1 5
 20061212 1200  0.74  2.62 11.30 1 5
 20061213 1200  0.00  0.03  0.00 1 5
 20061214 1200  0.04  0.28  2.10 1 5
 20061215 1200  0.78  2.84  9.00 1 5
 20061216 1200  0.22  1.12  6.40 1 5
 20061217 1200  0.00  0.05  0.00 1 5
 20061218 1200  0.15  1.20  1.40 1 5
 20061219 1200  3.13 10.46 16.90 1 5
 20061220 1200  0.66  2.71  9.40 1 5
 20061221 1200  1.96  7.16 17.50 1 5
 20061222 1200  3.60 10.83 23.90 1 5
 20061223 1200  0.00  0.06  0.00 1 5
 20061224 1200  0.35  2.29  4.40 1 5
 20061225 1200  1.83  6.99  7.60 1 5
 20061226 1200 -0.01  0.01  0.00 1 5
 20061227 1200 -0.01  0.02  0.00 1 5
 20061228 1200  0.00  0.10  0.70 1 5
 20061229 1200 -0.01  0.03  0.00 1 5
 20061230 1200  0.02  0.25  1.40 1 5
 20061231 1200 -0.02  0.02  0.00 1 5
 20070101 1200  0.03  0.35  1.40 1 5
 20070102 1200 -0.02  0.02  0.00 1 5
 20070103 1200 -0.02  0.03  0.00 1 5
 20070104 1200 -0.03  0.03  0.00 1 5
 20070105 1200 -0.02  0.02  0.00 1 5
 20070106 1200 -0.01  0.02  0.00 1 5
 20070107 1200 -0.01  0.01  0.00 1 5
 20070108 1200  0.00  0.01  0.00 1 5
 20070109 1200  0.01  0.07  0.00 1 5
 20070110 1200  0.00  0.03  0.00 1 5
 20070111 1200  0.04  0.32  1.40 1 5
 20070112 1200  0.00  0.02  0.00 1 5
 20070113 1200 -0.02  0.02  0.00 1 5
 20070114 1200  0.69  4.39  6.50 1 5
 20070115 1200  0.15  0.77  3.50 1 5
 20070116 1200  0.00  0.03  0.00 1 5
 20070117 1200  2.41  9.46 18.10 1 5
 20070118 1200  0.46  2.29  6.60 1 5
 20070119 1200  0.45  1.78  7.30 1 5
 20070120 1200  0.00  0.02  0.00 1 5
 20070121 1200  0.01  0.07  0.00 1 5
 20070122 1200  3.37 11.18 21.00 1 5
 20070123 1200  0.03  0.17  1.40 1 5
 20070124 1200  0.11  0.90  1.40 1 5
 20070125 1200  0.00  0.01  0.00 1 5
 20070126 1200  0.00  0.01  0.00 1 5
 20070127 1200  0.00  0.01  0.00 1 5
 20070128 1200 -0.01  0.02  0.00 1 5
 20070129 1200 -0.01  0.01  0.00 1 5
 20070130 1200  0.48  2.56  9.00 1 5
 20070131 1200 -0.01  0.01  0.00 1 5
 20070201 1200 -0.02  0.03  0.00 1 5
 20070202 1200 -0.01  0.03  0.00 1 5
 20070203 1200 -0.01  0.01  0.00 1 5
 20070204 1200 -0.01  0.02  0.00 1 5
 20070205 1200 -0.01  0.03  0.00 1 5
 20070206 1200 -0.01  0.03  0.00 1 5
 20070207 1200 -0.01  0.01  0.00 1 5
 20070208 1200  0.00  0.01  0.00 1 5
 20070209 1200 -0.01  0.01  0.00 1 5
 20070210 1200 -0.01  0.01  0.00 1 5
 20070211 1200  0.06  0.48  2.10 1 5
 20070212 1200 -0.01  0.04  0.00 1 5
 20070213 1200 -0.01  0.04  0.00 1 5
 20070214 1200 -0.01  0.01  0.00 1 5
 20070215 1200 -0.01  0.04  0.00 1 5
 20070216 1200 -0.01  0.05  0.00 1 5
 20070217 1200 -0.01  0.03  0.00 1 5
 20070218 1200 -0.01  0.01  0.00 1 5
 20070219 1200 -0.01  0.01  0.00 1 5
 20070220 1200 -0.01  0.04  0.00 1 5
 20070221 1200 -0.01  0.07  0.00 1 5
 20070222 1200  0.04  0.26  1.40 1 5
 20070223 1200  0.00  0.03  0.00 1 5
 20070224 1200  0.96  9.05  2.60 1 5
 20070225 1200  0.00  0.04  0.00 1 5
 20070226 1200  0.00  0.07  0.00 1 5
 20070227 1200  0.13  0.70  3.80 1 5
 20070228 1200  0.00  0.05  0.00 1 5
 20070301 1200  0.00  0.05  0.00 1 5
 20070302 1200  0.00  0.03  0.00 1 5
 20070303 1200  0.00  0.03  0.00 1 5
 20070304 1200  0.00  0.06  0.00 1 5
 20070305 1200  0.00  0.09  0.00 1 5
 20070306 1200  0.00  0.08  0.00 1 5
 20070307 1200  0.00  0.08  0.00 1 5
 20070308 1200  0.24  1.39  4.20 1 5
 20070309 1200  0.00  0.07  0.00 1 5
 20070310 1200  0.00  0.05  0.00 1 5
 20070311 1200  0.24  1.76  2.90 1 5
 20070312 1200  0.02  0.16  0.70 1 5
 20070313 1200  0.11  0.55  3.50 1 5
 20070314 1200  0.33  2.37  2.80 1 5
 20070315 1200  0.74  5.11  2.90 1 5
 20070316 1200  0.04  0.28  1.40 1 5
 20070317 1200  0.00  0.01  0.00 1 5
 20070318 1200  0.00  0.03  0.00 1 5
 20070319 1200  0.00  0.03  0.00 1 5
 20070320 1200  0.00  0.04  0.00 1 5
 20070321 1200  0.00  0.04  0.00 1 5
 20070322 1200  0.00  0.04  0.00 1 5
 20070323 1200  0.00  0.06  0.00 1 5
 20070324 1200 -0.02  0.22  0.00 1 5
 20070325 1200  0.00  0.05  0.00 1 5
 20070326 1200  0.00  0.02  0.00 1 5
 20070327 1200  0.00  0.01  0.00 1 5
 20070328 1200  0.00  0.03  0.00 1 5
 20070329 1200 -0.01  0.01  0.00 1 5
 20070330 1200  0.00  0.01  0.00 1 5
 20070331 1200  0.00  0.03  0.00 1 5
 20070401 1200  0.00  0.01  0.00 1 5
 20070402 1200  0.00  0.07  0.00 1 5
 20070403 1200  0.08  0.33  4.90 1 5
 20070404 1200  0.59  2.20 10.90 1 5
 20070405 1200  0.72  4.77  7.50 1 5
 20070406 1200  1.14  6.31  9.20 1 5
 20070407 1200  0.37  1.84  6.30 1 5
 20070408 1200  0.00  0.04  0.00 1 5
 20070409 1200  0.00  0.02  0.00 1 5
 20070410 1200  0.00  0.01  0.00 1 5
 20070411 1200  0.03  0.24  1.40 1 5
 20070412 1200  0.17  0.60  7.50 1 5
 20070413 1200  0.42  3.84  2.80 1 5
 20070414 1200  0.00  0.02  0.00 1 5
 20070415 1200 -0.01  0.06  0.00 1 5
 20070416 1200  0.00  0.01  0.00 1 5
 20070417 1200  0.02  0.21  0.70 1 5
 20070418 1200  0.00  0.05  0.00 1 5
 20070419 1200  0.36  1.85  7.60 1 5
 20070420 1200  0.00  0.03  0.00 1 5
 20070421 1200 -9.99 -9.99 -9.99 5 5
 20070422 1200 -0.02  0.60  3.50 1 5
 20070423 1200  0.69  2.84 11.20 1 5
 20070424 1200  1.04  6.08  7.40 1 5
 20070425 1200  0.00  0.02  0.00 1 5
 20070426 1200  1.13  6.08  9.70 1 5
 20070427 1200  0.13  0.76  2.80 1 5
 20070428 1200  1.04  3.47 17.00 1 5
 20070429 1200  0.53  4.33  2.80 1 5
 20070430 1200  0.02  0.23  0.70 1 5
 20070501 1200  0.19  0.95  4.20 1 5
 20070502 1200  0.00  0.02  0.00 1 5
 20070503 1200 -0.01  0.02  0.00 1 5
 20070504 1200  0.11  1.01  2.10 1 5
 20070505 1200  0.02  0.12  0.70 1 5
 20070506 1200  0.16  0.90  3.60 1 5
 20070507 1200  0.24  1.61  3.50 1 5
 20070508 1200  0.07  0.62  1.40 1 5
 20070509 1200  0.02  0.12  0.70 1 5
 20070510 1200  0.10  0.78  2.10 1 5
 20070511 1200  0.06  0.42  2.80 1 5
 20070512 1200  0.71  2.70  8.50 1 5
 20070513 1200  0.26  1.93  2.10 1 5
 20070514 1200  0.00  0.11  0.00 1 5
 20070515 1200  0.00  0.11  0.00 1 5
 20070516 1200 -0.01  0.18  0.00 1 5
 20070517 1200  0.00  0.16  0.00 1 5
 20070518 1200  0.00  0.15  0.00 1 5
 20070519 1200  0.25  2.38  2.40 1 5
 20070520 1200  0.00  0.06  0.00 1 5
 20070521 1200 -0.01  0.08  0.00 1 5
 20070522 1200  0.00  0.02  0.00 1 5
 20070523 1200  0.00  0.03  0.00 1 5
 20070524 1200  0.00  0.03  0.00 1 5
 20070525 1200  0.00  0.09  0.00 1 5
 20070526 1200 -9.99 -9.99 -9.99 5 5
 20070527 1200  0.15  1.40  2.00 1 5
 20070528 1200  0.02  0.39  2.50 1 5
 Time: 1200  5 Jun 2007 to 1200 13 Jun 2007 (index   202 to   210,    9 times)
 Depth (M):     -3.5  -3.5  -3.5 QUALITY and SOURCE
 YYYYMMDD HHMM  Prec StDev %Time Q S
 20070605 1200  1.00  3.58 13.80 1 5
 20070606 1200 -0.01  0.09  0.00 1 5
 20070607 1200  0.10  0.55  4.10 1 5
 20070608 1200  0.38  2.54  3.00 1 5
 20070609 1200 -0.02  0.07  0.00 1 5
 20070610 1200 -0.02  0.12  0.00 1 5
 20070611 1200  0.87  2.70 13.90 1 5
 20070612 1200  0.88  4.06  5.80 1 5
 20070613 1200  0.01  0.11  0.00 1 5
 Time: 1200  8 Oct 2007 to 1200  5 Jan 2008 (index   327 to   416,   90 times)
 Depth (M):     -3.5  -3.5  -3.5 QUALITY and SOURCE
 YYYYMMDD HHMM  Prec StDev %Time Q S
 20071008 1200  0.05  0.91  1.00 2 1
 20071009 1200  0.24  4.11  1.00 2 1
 20071010 1200  0.00  3.77  0.00 2 1
 20071011 1200  0.10  2.63  4.00 2 1
 20071012 1200  0.19  2.00  3.00 2 1
 20071013 1200  1.43  6.30 13.00 2 1
 20071014 1200  0.05  1.91  2.00 2 1
 20071015 1200  0.24  4.11  4.00 2 1
 20071016 1200  0.05  3.15  3.00 2 1
 20071017 1200  0.57  1.81 19.00 2 1
 20071018 1200  0.19  2.20  3.00 2 1
 20071019 1200  2.63  6.78 42.00 2 1
 20071020 1200  3.20  9.93 23.00 2 1
 20071021 1200  2.96  8.78 41.00 2 1
 20071022 1200  0.33  2.24  9.00 2 1
 20071023 1200  0.00  2.29  1.00 2 1
 20071024 1200  1.96  6.21 30.00 2 1
 20071025 1200  1.00  4.73 16.00 2 1
 20071026 1200  0.67  5.54 10.00 2 1
 20071027 1200  0.00  1.00  1.00 2 1
 20071028 1200  0.00  1.96  0.00 2 1
 20071029 1200  0.00  1.91  1.00 2 1
 20071030 1200  0.05  2.15  2.00 2 1
 20071031 1200  0.14  4.34  4.00 2 1
 20071101 1200  0.10  2.24  2.00 2 1
 20071102 1200  0.48  3.10 11.00 2 1
 20071103 1200  0.00  3.68  0.00 2 1
 20071104 1200  0.00  2.24  0.00 2 1
 20071105 1200  0.00  2.77  0.00 2 1
 20071106 1200  0.10  2.53  2.00 2 1
 20071107 1200  0.05  2.20  2.00 2 1
 20071108 1200  0.62  9.21  7.00 2 1
 20071109 1200  0.10  2.77  5.00 2 1
 20071110 1200  0.43  6.68  6.00 2 1
 20071111 1200  0.05  2.20  2.00 2 1
 20071112 1200  0.10  3.63  3.00 2 1
 20071113 1200  0.00  3.44  1.00 2 1
 20071114 1200  0.00  3.10  0.00 2 1
 20071115 1200  0.00  2.82  0.00 2 1
 20071116 1200  0.10  3.44  2.00 2 1
 20071117 1200  0.00  7.02  1.00 2 1
 20071118 1200  0.05  1.10  1.00 2 1
 20071119 1200  0.86  7.30  4.00 2 1
 20071120 1200  0.05  2.58  2.00 2 1
 20071121 1200  0.14  1.43  3.00 2 1
 20071122 1200  0.00  1.00  1.00 2 1
 20071123 1200  0.00  1.34  0.00 2 1
 20071124 1200  0.00  1.24  0.00 2 1
 20071125 1200  0.00  0.91  0.00 2 1
 20071126 1200  0.05  1.77  2.00 2 1
 20071127 1200  0.38  4.39  2.00 2 1
 20071128 1200  0.10  3.58  2.00 2 1
 20071129 1200  0.24  2.77  4.00 2 1
 20071130 1200  0.00  2.00  0.00 2 1
 20071201 1200  0.67  7.02  3.00 2 1
 20071202 1200  0.38  1.53 21.00 2 1
 20071203 1200 -0.05  1.43  1.00 2 1
 20071204 1200 -0.05  2.48  0.00 2 1
 20071205 1200  0.00  2.10  1.00 2 1
 20071206 1200  0.00  2.39  0.00 2 1
 20071207 1200  0.53 27.97  5.00 2 1
 20071208 1200  0.43 11.70 10.00 2 1
 20071209 1200  0.10  3.44 10.00 2 1
 20071210 1200  0.43  5.82  4.00 2 1
 20071211 1200  0.19  2.48  2.00 2 1
 20071212 1200  0.14  2.63  3.00 2 1
 20071213 1200  0.00  1.43  0.00 2 1
 20071214 1200  1.48  6.06 22.00 2 1
 20071215 1200  0.00  5.54  0.00 2 1
 20071216 1200  0.00  2.05  0.00 2 1
 20071217 1200  0.05  4.44  1.00 2 1
 20071218 1200  0.00  1.10  0.00 2 1
 20071219 1200  0.00  5.16  0.00 2 1
 20071220 1200  0.00  2.43  1.00 2 1
 20071221 1200  0.00  2.48  0.00 2 1
 20071222 1200  0.10  3.87  2.00 2 1
 20071223 1200  0.91  6.16  6.00 2 1
 20071224 1200  0.24  3.68  8.00 2 1
 20071225 1200  0.00  0.86  0.00 2 1
 20071226 1200  0.00  1.53  0.00 2 1
 20071227 1200 -0.05  3.10  0.00 2 1
 20071228 1200 -0.05  1.24  0.00 2 1
 20071229 1200 -0.05  2.58  0.00 2 1
 20071230 1200  0.00  2.58  0.00 2 1
 20071231 1200  0.00  2.24  0.00 2 1
 20080101 1200  0.00  2.20  0.00 2 1
 20080102 1200  0.05  1.67  2.00 2 1
 20080103 1200  0.00  2.00  0.00 2 1
 20080104 1200  0.00  1.81  1.00 2 1
 20080105 1200  0.00  1.10  0.00 2 1
 Time: 1200  5 Jul 2010 to 1200 19 Dec 2013 (index  1328 to  2591, 1264 times)
 Depth (M):     -3.5  -3.5  -3.5 QUALITY and SOURCE
 YYYYMMDD HHMM  Prec StDev %Time Q S
 20100705 1200 -0.01  0.02  0.00 1 5
 20100706 1200 -0.01  0.04  0.00 1 5
 20100707 1200  0.01  0.06  0.00 1 5
 20100708 1200  0.13  0.72  4.20 1 5
 20100709 1200  0.03  0.21  2.10 1 5
 20100710 1200 -0.01  0.05  0.00 1 5
 20100711 1200  0.00  0.04  0.00 1 5
 20100712 1200  0.05  0.29  2.10 1 5
 20100713 1200  0.26  1.25  7.70 1 5
 20100714 1200  0.33  1.10  8.30 1 5
 20100715 1200  0.31  0.89 10.40 1 5
 20100716 1200  0.46  2.51  6.20 1 5
 20100717 1200  0.20  1.33  2.80 1 5
 20100718 1200  0.10  0.57  3.50 1 5
 20100719 1200  0.01  0.11  0.70 1 5
 20100720 1200  0.03  0.38  0.70 1 5
 20100721 1200  0.00  0.04  0.00 1 5
 20100722 1200 -0.01  0.03  0.00 1 5
 20100723 1200  0.02  0.03  0.00 1 5
 20100724 1200  0.01  0.09  0.70 1 5
 20100725 1200  0.01  0.07  0.00 1 5
 20100726 1200  0.01  0.02  0.00 1 5
 20100727 1200  0.00  0.03  0.00 1 5
 20100728 1200  1.28  4.55 10.40 1 5
 20100729 1200  0.14  0.52  6.90 1 5
 20100730 1200  0.00  0.18  0.70 1 5
 20100731 1200  0.02  0.30  1.40 1 5
 20100801 1200 -0.01  0.01  0.00 1 5
 20100802 1200 -0.02  0.01  0.00 1 5
 20100803 1200 -0.02  0.02  0.00 1 5
 20100804 1200  0.07  0.96  1.40 1 5
 20100805 1200 -0.02  0.01  0.00 1 5
 20100806 1200 -0.02  0.01  0.00 1 5
 20100807 1200 -0.02  0.03  0.00 1 5
 20100808 1200  0.03  0.44  1.40 1 5
 20100809 1200  0.06  0.76  1.40 1 5
 20100810 1200  0.14  1.11  3.50 1 5
 20100811 1200  0.27  1.02  9.00 1 5
 20100812 1200  0.31  1.17  9.00 1 5
 20100813 1200  0.14  0.78  4.20 1 5
 20100814 1200 -0.01  0.05  0.00 1 5
 20100815 1200  0.67  2.21 16.00 1 5
 20100816 1200  0.12  0.51  6.20 1 5
 20100817 1200 -0.02  0.02  0.00 1 5
 20100818 1200  1.44  4.87 18.20 1 5
 20100819 1200  0.77  2.26 18.80 1 5
 20100820 1200  0.27  1.25  6.20 1 5
 20100821 1200  0.02  0.21  1.40 1 5
 20100822 1200 -0.01  0.02  0.00 1 5
 20100823 1200 -0.01  0.01  0.00 1 5
 20100824 1200  0.01  0.19  1.40 1 5
 20100825 1200  0.01  0.17  1.40 1 5
 20100826 1200 -0.01  0.01  0.00 1 5
 20100827 1200  0.08  0.74  1.40 1 5
 20100828 1200 -0.01  0.02  0.00 1 5
 20100829 1200 -0.01  0.04  0.00 1 5
 20100830 1200  0.00  0.14  0.70 1 5
 20100831 1200  0.20  1.39  3.50 1 5
 20100901 1200 -0.01  0.02  0.00 1 5
 20100902 1200  0.09  0.76  2.10 1 5
 20100903 1200 -0.02  0.01  0.00 1 5
 20100904 1200 -0.02  0.02  0.00 1 5
 20100905 1200  0.18  1.52  2.10 1 5
 20100906 1200 -0.01  0.01  0.00 1 5
 20100907 1200 -0.01  0.03  0.00 1 5
 20100908 1200 -0.01  0.04  0.00 1 5
 20100909 1200  0.64  2.72  5.60 1 5
 20100910 1200 -0.02  0.02  0.00 1 5
 20100911 1200 -0.01  0.04  0.00 1 5
 20100912 1200 -0.02  0.04  0.00 1 5
 20100913 1200  0.04  0.28  2.10 1 5
 20100914 1200  0.06  0.45  2.10 1 5
 20100915 1200  0.23  0.85 10.40 1 5
 20100916 1200 -0.02  0.02  0.00 1 5
 20100917 1200  0.04  0.33  2.10 1 5
 20100918 1200 -0.02  0.09  0.00 1 5
 20100919 1200 -0.01  0.05  0.00 1 5
 20100920 1200  0.09  0.38  5.60 1 5
 20100921 1200 -0.01  0.11  0.00 1 5
 20100922 1200  0.38  1.70  8.50 1 5
 20100923 1200  0.47  2.73  5.60 1 5
 20100924 1200  0.15  0.90  3.50 1 5
 20100925 1200  0.00  0.12  0.70 1 5
 20100926 1200  0.27  1.19  5.60 1 5
 20100927 1200 -0.01  0.03  0.00 1 5
 20100928 1200  1.03  3.45 16.50 1 5
 20100929 1200  0.09  0.34  1.40 1 5
 20100930 1200  0.02  0.08  0.00 1 5
 20101001 1200  0.04  0.21  1.40 1 5
 20101002 1200  0.24  1.29  5.60 1 5
 20101003 1200  0.83  2.78 15.30 1 5
 20101004 1200  0.01  0.17  0.70 1 5
 20101005 1200  0.16  0.75  5.60 1 5
 20101006 1200 -0.02  0.02  0.00 1 5
 20101007 1200 -0.02  0.04  0.00 1 5
 20101008 1200 -0.02  0.01  0.00 1 5
 20101009 1200 -0.02  0.01  0.00 1 5
 20101010 1200  0.00  0.17  0.70 1 5
 20101011 1200 -0.02  0.01  0.00 1 5
 20101012 1200 -0.03  0.02  0.00 1 5
 20101013 1200 -0.02  0.03  0.00 1 5
 20101014 1200 -0.02  0.01  0.00 1 5
 20101015 1200 -0.03  0.01  0.00 1 5
 20101016 1200 -0.02  0.01  0.00 1 5
 20101017 1200 -0.02  0.03  0.00 1 5
 20101018 1200  0.00  0.12  0.70 1 5
 20101019 1200 -0.01  0.02  0.00 1 5
 20101020 1200 -0.01  0.02  0.00 1 5
 20101021 1200 -0.03  0.02  0.00 1 5
 20101022 1200  0.01  0.29  1.40 1 5
 20101023 1200 -0.02  0.02  0.00 1 5
 20101024 1200 -0.02  0.01  0.00 1 5
 20101025 1200 -0.01  0.01  0.00 1 5
 20101026 1200  0.06  0.72  1.40 1 5
 20101027 1200  1.29  3.46 26.90 1 5
 20101028 1200  0.33  1.45  5.60 1 5
 20101029 1200  0.27  0.93  9.00 1 5
 20101030 1200  0.14  0.71  5.60 1 5
 20101031 1200  0.48  2.31  8.30 1 5
 20101101 1200  0.71  3.99 13.90 1 5
 20101102 1200  0.74  3.00 11.10 1 5
 20101103 1200  0.15  0.95  4.20 1 5
 20101104 1200  0.07  0.49  3.50 1 5
 20101105 1200  0.19  1.09  6.20 1 5
 20101106 1200  0.00  0.21  1.40 1 5
 20101107 1200  0.38  2.17  4.20 1 5
 20101108 1200 -0.01  0.04  0.00 1 5
 20101109 1200  0.04  0.26  1.40 1 5
 20101110 1200  2.32  4.30 31.90 1 5
 20101111 1200  0.35  1.11 11.80 1 5
 20101112 1200 -0.01  0.05  0.00 1 5
 20101113 1200  0.00  0.01  0.00 1 5
 20101114 1200  0.09  0.35  2.10 1 5
 20101115 1200 -0.01  0.01  0.00 1 5
 20101116 1200  0.00  0.01  0.00 1 5
 20101117 1200  0.00  0.05  0.00 1 5
 20101118 1200  0.58  3.27  5.60 1 5
 20101119 1200  0.21  1.01  5.60 1 5
 20101120 1200  0.22  1.58  3.50 1 5
 20101121 1200  0.02  0.12  0.00 1 5
 20101122 1200  0.73  2.04 16.00 1 5
 20101123 1200  0.94  2.08 23.60 1 5
 20101124 1200  1.38  2.98 25.70 1 5
 20101125 1200  0.35  1.68  7.60 1 5
 20101126 1200  2.32  5.16 34.00 1 5
 20101127 1200 -0.02  0.04  0.00 1 5
 20101128 1200  0.02  0.13  0.00 1 5
 20101129 1200  0.18  1.01  2.80 1 5
 20101130 1200  0.10  0.55  3.50 1 5
 20101201 1200  0.71  3.59  8.30 1 5
 20101202 1200  1.37  3.12 29.20 1 5
 20101203 1200  0.26  1.88  2.10 1 5
 20101204 1200  0.61  1.89 14.60 1 5
 20101205 1200  0.47  1.76 11.10 1 5
 20101206 1200  0.34  0.93 11.80 1 5
 20101207 1200  0.00  0.07  0.00 1 5
 20101208 1200  0.00  0.02  0.00 1 5
 20101209 1200 -0.01  0.02  0.00 1 5
 20101210 1200 -0.01  0.07  0.00 1 5
 20101211 1200  0.78  3.29  7.90 1 5
 20101212 1200 -0.01  0.02  0.00 1 5
 20101213 1200  0.11  0.95  2.10 1 5
 20101214 1200 -0.01  0.04  0.00 1 5
 20101215 1200 -0.01  0.04  0.00 1 5
 20101216 1200 -0.01  0.04  0.00 1 5
 20101217 1200 -0.02  0.02  0.00 1 5
 20101218 1200  0.25  2.10  2.10 1 5
 20101219 1200  0.34  2.12  4.20 1 5
 20101220 1200  0.32  1.56  4.20 1 5
 20101221 1200 -0.01  0.02  0.00 1 5
 20101222 1200 -0.01  0.02  0.00 1 5
 20101223 1200  0.28  1.36  5.60 1 5
 20101224 1200  0.44  1.79  9.00 1 5
 20101225 1200  0.15  0.63  5.60 1 5
 20101226 1200  0.00  0.05  0.00 1 5
 20101227 1200  0.13  1.02  2.10 1 5
 20101228 1200 -0.01  0.03  0.00 1 5
 20101229 1200 -0.01  0.02  0.00 1 5
 20101230 1200  0.27  2.35  2.80 1 5
 20101231 1200  0.00  0.01  0.00 1 5
 20110101 1200  0.00  0.01  0.00 1 5
 20110102 1200  0.01  0.07  0.00 1 5
 20110103 1200  1.44  3.80 20.80 1 5
 20110104 1200  1.82  5.85 16.70 1 5
 20110105 1200  0.36  1.80  6.90 1 5
 20110106 1200  0.46  2.30 15.10 1 5
 20110107 1200  0.29  1.39 21.40 1 5
 20110108 1200  0.04  0.36  1.40 1 5
 20110109 1200  0.32  2.02  4.90 1 5
 20110110 1200  0.08  0.43  2.80 1 5
 20110111 1200  0.24  1.47  4.90 1 5
 20110112 1200  0.06  0.61  2.10 1 5
 20110113 1200 -0.01  0.02  0.00 1 5
 20110114 1200  0.00  0.03  0.00 1 5
 20110115 1200  0.00  0.03  0.00 1 5
 20110116 1200 -0.01  0.07  0.00 1 5
 20110117 1200 -0.01  0.02  0.00 1 5
 20110118 1200 -0.02  0.06  0.00 1 5
 20110119 1200 -0.02  0.03  0.00 1 5
 20110120 1200 -0.02  0.01  0.00 1 5
 20110121 1200 -0.01  0.01  0.00 1 5
 20110122 1200 -0.02  0.01  0.00 1 5
 20110123 1200  0.05  0.53  1.40 1 5
 20110124 1200  0.01  0.25  1.40 1 5
 20110125 1200  0.01  0.25  0.70 1 5
 20110126 1200  0.01  0.15  0.70 1 5
 20110127 1200  0.00  0.02  0.00 1 5
 20110128 1200  0.74  3.11  5.60 1 5
 20110129 1200 -0.01  0.08  0.00 1 5
 20110130 1200 -0.02  0.06  0.00 1 5
 20110131 1200  2.80  8.43 19.00 1 5
 20110201 1200  0.46  0.92 20.10 1 5
 20110202 1200  0.18  1.44  3.50 1 5
 20110203 1200  0.00  0.02  0.00 1 5
 20110204 1200  0.00  0.01  0.00 1 5
 20110205 1200 -0.01  0.05  0.00 1 5
 20110206 1200 -0.02  0.05  0.00 1 5
 20110207 1200 -0.01  0.04  0.00 1 5
 20110208 1200 -0.01  0.04  0.00 1 5
 20110209 1200  0.99  4.89  9.20 1 5
 20110210 1200  0.94  1.73 23.60 1 5
 20110211 1200  0.02  0.26  0.70 1 5
 20110212 1200  1.08  3.09 19.00 1 5
 20110213 1200  0.35  1.46  7.70 1 5
 20110214 1200  1.59  6.03 27.80 1 5
 20110215 1200  0.61  3.95  4.90 1 5
 20110216 1200  0.02  0.21  0.70 1 5
 20110217 1200  0.00  0.01  0.00 1 5
 20110218 1200  0.47  3.86  2.10 1 5
 20110219 1200  0.00  0.07  0.00 1 5
 20110220 1200 -0.01  0.03  0.00 1 5
 20110221 1200  0.89  2.86 15.90 1 5
 20110222 1200  0.03  0.30  2.10 1 5
 20110223 1200  0.33  1.52  5.80 1 5
 20110224 1200  0.24  1.26  4.90 1 5
 20110225 1200  1.17  3.73 13.20 1 5
 20110226 1200  2.60 10.10 16.70 1 5
 20110227 1200  0.30  0.75 13.20 1 5
 20110228 1200  0.00  0.04  0.00 1 5
 20110301 1200  0.00  0.04  0.00 1 5
 20110302 1200  0.01  0.05  0.00 1 5
 20110303 1200 -0.02  0.06  0.00 1 5
 20110304 1200 -0.01  0.02  0.00 1 5
 20110305 1200  0.06  0.35  3.50 1 5
 20110306 1200  0.03  0.29  2.10 1 5
 20110307 1200  0.03  0.32  2.10 1 5
 20110308 1200  0.03  0.32  2.10 1 5
 20110309 1200  0.26  1.00 11.10 1 5
 20110310 1200 -0.01  0.05  0.00 1 5
 20110311 1200 -0.01  0.04  0.00 1 5
 20110312 1200 -0.01  0.02  0.00 1 5
 20110313 1200  0.00  0.07  0.00 1 5
 20110314 1200 -0.01  0.06  0.00 1 5
 20110315 1200 -0.01  0.03  0.00 1 5
 20110316 1200 -0.01  0.06  0.00 1 5
 20110317 1200 -0.02  0.04  0.00 1 5
 20110318 1200 -0.02  0.04  0.00 1 5
 20110319 1200 -0.02  0.06  0.00 1 5
 20110320 1200 -0.01  0.01  0.00 1 5
 20110321 1200 -0.01  0.04  0.00 1 5
 20110322 1200  0.00  0.07  0.00 1 5
 20110323 1200 -0.01  0.07  0.00 1 5
 20110324 1200  0.42  3.19  3.50 1 5
 20110325 1200  0.63  2.34 11.80 1 5
 20110326 1200  0.04  0.21  1.40 1 5
 20110327 1200  0.07  0.31  3.50 1 5
 20110328 1200  0.07  0.67  1.40 1 5
 20110329 1200  0.60  3.67  4.20 1 5
 20110330 1200 -0.02  0.01  0.00 1 5
 20110331 1200  0.00  0.10  0.70 1 5
 20110401 1200  0.38  3.28  2.80 1 5
 20110402 1200 -0.01  0.07  0.00 1 5
 20110403 1200 -0.03  0.03  0.00 1 5
 20110404 1200 -0.01  0.07  0.00 1 5
 20110405 1200 -0.01  0.05  0.00 1 5
 20110406 1200  0.00  0.02  0.00 1 5
 20110407 1200 -0.01  0.02  0.00 1 5
 20110408 1200 -0.01  0.02  0.00 1 5
 20110409 1200  0.00  0.06  0.00 1 5
 20110410 1200 -0.02  0.05  0.00 1 5
 20110411 1200  0.46  2.20  4.90 1 5
 20110412 1200  1.06  4.91  9.70 1 5
 20110413 1200  0.58  2.25  9.00 1 5
 20110414 1200  0.61  3.86  3.60 1 5
 20110415 1200 -0.01  0.08  0.00 1 5
 20110416 1200  0.00  0.09  0.00 1 5
 20110417 1200  1.28  4.61 12.70 1 5
 20110418 1200  0.14  0.60  6.20 1 5
 20110419 1200 -0.01  0.03  0.00 1 5
 20110420 1200 -0.01  0.08  0.00 1 5
 20110421 1200  0.00  0.02  0.00 1 5
 20110422 1200 -0.01  0.02  0.00 1 5
 20110423 1200  1.41  7.02  7.60 1 5
 20110424 1200  0.11  0.39  6.90 1 5
 20110425 1200  0.02  0.31  0.70 1 5
 20110426 1200  0.07  0.39  2.80 1 5
 20110427 1200  0.08  0.60  2.80 1 5
 20110428 1200  1.07  2.96 16.70 1 5
 20110429 1200  0.49  2.35  6.20 1 5
 20110430 1200  0.05  0.70  1.40 1 5
 20110501 1200 -0.02  0.05  0.00 1 5
 20110502 1200  0.00  0.05  0.00 1 5
 20110503 1200  0.17  1.34  2.10 1 5
 20110504 1200  0.53  2.74  6.90 1 5
 20110505 1200  0.00  0.24  1.40 1 5
 20110506 1200  3.96  6.87 42.30 1 5
 20110507 1200  0.24  1.36  5.10 1 5
 20110508 1200  0.00  0.27  0.70 1 5
 20110509 1200  0.28  1.87  3.50 1 5
 20110510 1200  0.01  0.22  0.70 1 5
 20110511 1200  0.01  0.19  0.70 1 5
 20110512 1200 -0.01  0.04  0.00 1 5
 20110513 1200 -0.01  0.03  0.00 1 5
 20110514 1200  0.12  0.94  2.10 1 5
 20110515 1200  0.39  2.50  3.50 1 5
 20110516 1200  0.00  0.09  0.00 1 5
 20110517 1200  0.00  0.01  0.00 1 5
 20110518 1200 -0.01  0.07  0.00 1 5
 20110519 1200  0.00  0.01  0.00 1 5
 20110520 1200 -0.01  0.02  0.00 1 5
 20110521 1200 -0.01  0.03  0.00 1 5
 20110522 1200  0.00  0.02  0.00 1 5
 20110523 1200  0.00  0.02  0.00 1 5
 20110524 1200  0.00  0.03  0.00 1 5
 20110525 1200 -0.01  0.06  0.00 1 5
 20110526 1200  0.00  0.12  0.00 1 5
 20110527 1200  0.28  1.09  8.50 1 5
 20110528 1200  1.99  4.86 34.00 1 5
 20110529 1200  0.10  1.08  2.10 1 5
 20110530 1200  0.24  1.04  6.90 1 5
 20110531 1200  0.04  0.48  1.40 1 5
 20110601 1200  0.27  1.81  2.80 1 5
 20110602 1200  0.00  0.13  0.70 1 5
 20110603 1200  0.00  0.22  0.70 1 5
 20110604 1200 -0.02  0.02  0.00 1 5
 20110605 1200 -9.99 -9.99 -9.99 0 0
 20110606 1200  0.00  3.47  0.00 1 1
 20110607 1200  0.00  6.21  0.00 1 1
 20110608 1200 -9.99  6.52  3.00 0 1
 20110609 1200  0.00  3.29  2.00 1 1
 20110610 1200  0.00  2.74  1.00 1 1
 20110611 1200  0.00  5.79  2.00 1 1
 20110612 1200  0.00  4.87  0.00 1 1
 20110613 1200  0.00  3.11  2.00 1 1
 20110614 1200  3.17  8.10  3.00 1 1
 20110615 1200  0.00  6.27  0.00 1 1
 20110616 1200  0.00  2.01  0.00 1 1
 20110617 1200  0.00  2.38  0.00 1 1
 20110618 1200  0.00  4.81  0.00 1 1
 20110619 1200  0.00  4.14  1.00 1 1
 20110620 1200  0.00  5.42  1.00 1 1
 20110621 1200  0.00  1.77  1.00 1 1
 20110622 1200  0.00  2.25  1.00 1 1
 20110623 1200  0.00  1.71  1.00 1 1
 20110624 1200  0.00  5.91  1.00 1 1
 20110625 1200  0.18  5.30  4.00 1 1
 20110626 1200  0.61  6.15  5.00 1 1
 20110627 1200  0.06  2.92  1.00 1 1
 20110628 1200  0.00  2.98  1.00 1 1
 20110629 1200  0.24  4.57  6.00 1 1
 20110630 1200  0.18  3.90  1.00 1 1
 20110701 1200  0.18  3.29  2.00 1 1
 20110702 1200  0.06  1.16  7.00 1 1
 20110703 1200  0.00  0.55  4.00 1 1
 20110704 1200 -9.99  0.91  2.00 0 1
 20110705 1200  0.00  0.91  1.00 1 1
 20110706 1200  0.00  0.49  0.00 1 1
 20110707 1200  0.00  0.37  0.00 1 1
 20110708 1200  0.00  0.67  0.00 1 1
 20110709 1200  0.30  3.11  4.00 1 1
 20110710 1200  1.10  7.06  7.00 1 1
 20110711 1200  0.00  2.19  0.00 1 1
 20110712 1200  0.24  2.98  3.00 1 1
 20110713 1200  0.12  1.40  5.00 1 1
 20110714 1200  0.24  4.99  3.00 1 1
 20110715 1200  0.00  3.11  1.00 1 1
 20110716 1200  0.00  0.79  1.00 1 1
 20110717 1200  0.00  1.28  0.00 1 1
 20110718 1200  0.00  3.05  0.00 1 1
 20110719 1200  0.00  1.46  0.00 1 1
 20110720 1200  0.12  2.74  1.00 1 1
 20110721 1200  0.06  1.28  2.00 1 1
 20110722 1200  0.00  0.37  0.00 1 1
 20110723 1200  0.00  0.43  0.00 1 1
 20110724 1200  0.97 47.32 19.00 1 1
 20110725 1200  0.37 38.19  4.00 1 1
 20110726 1200  0.61  4.02  8.00 1 1
 20110727 1200  0.06  2.25  2.00 1 1
 20110728 1200  0.00  0.73  1.00 1 1
 20110729 1200  0.00  0.37  0.00 1 1
 20110730 1200  0.00  0.43  0.00 1 1
 20110731 1200  0.00  0.37  0.00 1 1
 20110801 1200  0.55  5.12  3.00 1 1
 20110802 1200  0.06  3.47  2.00 1 1
 20110803 1200  0.00  2.44  0.00 1 1
 20110804 1200  0.00  3.65  0.00 1 1
 20110805 1200  0.00  1.52  1.00 1 1
 20110806 1200  0.00  5.30  1.00 1 1
 20110807 1200  0.12  4.57  2.00 1 1
 20110808 1200  0.00  2.86  0.00 1 1
 20110809 1200  0.00  1.52  0.00 1 1
 20110810 1200  0.00  4.20  0.00 1 1
 20110811 1200  0.00  4.57  0.00 1 1
 20110812 1200  0.43  2.98  9.00 1 1
 20110813 1200  0.00  3.47  1.00 1 1
 20110814 1200  0.55  4.81  5.00 1 1
 20110815 1200  0.06  1.89  2.00 1 1
 20110816 1200  0.00  3.47  0.00 1 1
 20110817 1200  0.00  4.20  0.00 1 1
 20110818 1200  0.00  2.38  0.00 1 1
 20110819 1200  0.43  3.84  5.00 1 1
 20110820 1200  0.00  2.31 13.00 1 1
 20110821 1200 -9.99  1.10  1.00 0 1
 20110822 1200  0.00  1.10  0.00 1 1
 20110823 1200  3.11 19.91 29.00 1 1
 20110824 1200  0.12  2.98  4.00 1 1
 20110825 1200  0.00  1.40  0.00 1 1
 20110826 1200  0.00  3.71  0.00 1 1
 20110827 1200  2.56  0.00 12.00 1 1
 20110828 1200  0.18  1.40  9.00 1 1
 20110829 1200  0.00  1.52 10.00 1 1
 20110830 1200  0.00  1.16 13.00 1 1
 20110831 1200  0.00  0.97 10.00 1 1
 20110901 1200  0.00  1.34 10.00 1 1
 20110902 1200 -9.99  1.64 14.00 0 1
 20110903 1200  0.12  1.77  3.00 1 1
 20110904 1200  0.37 15.96  6.00 1 1
 20110905 1200  0.24  2.50  3.00 1 1
 20110906 1200  0.00  1.95  1.00 1 1
 20110907 1200  0.00  2.25  0.00 1 1
 20110908 1200  0.12  3.41  1.00 1 1
 20110909 1200  0.12  2.44  3.00 1 1
 20110910 1200  1.16  5.60 20.00 1 1
 20110911 1200  0.37  5.36  6.00 1 1
 20110912 1200  0.00  1.34  0.00 1 1
 20110913 1200  0.12  3.41  2.00 1 1
 20110914 1200  0.00  2.50  1.00 1 1
 20110915 1200  0.18  3.47  3.00 1 1
 20110916 1200  0.00  1.95  0.00 1 1
 20110917 1200  0.00  2.19  0.00 1 1
 20110918 1200  0.55  2.86 10.00 1 1
 20110919 1200  0.00  4.20  0.00 1 1
 20110920 1200  0.06  1.83  2.00 1 1
 20110921 1200  0.00  2.19  0.00 1 1
 20110922 1200  0.00  6.21  0.00 1 1
 20110923 1200  0.00  2.19  0.00 1 1
 20110924 1200  0.00  1.71  0.00 1 1
 20110925 1200  0.00  1.52  0.00 1 1
 20110926 1200  0.24  2.74  2.00 1 1
 20110927 1200  0.00  4.08  0.00 1 1
 20110928 1200  0.06  2.74  1.00 1 1
 20110929 1200  0.06  3.05  1.00 1 1
 20110930 1200  0.18  4.63  3.00 1 1
 20111001 1200  0.30  2.68  4.00 1 1
 20111002 1200  0.49  4.87  2.00 1 1
 20111003 1200  0.00  4.02  0.00 1 1
 20111004 1200  1.83 10.35 10.00 1 1
 20111005 1200  0.18  7.13  1.00 1 1
 20111006 1200  0.00  1.95  0.00 1 1
 20111007 1200  0.18  3.65  2.00 1 1
 20111008 1200  0.73 33.80  4.00 1 1
 20111009 1200 -9.99 59.44 11.00 0 1
 20111010 1200  2.44  8.77 36.00 1 1
 20111011 1200  0.12  2.31  3.00 1 1
 20111012 1200  0.30  5.36  2.00 1 1
 20111013 1200  0.00  3.05  0.00 1 1
 20111014 1200  0.00  2.44  0.00 1 1
 20111015 1200  0.00  1.34  0.00 1 1
 20111016 1200  0.00  1.71  0.00 1 1
 20111017 1200  0.00  2.62  0.00 1 1
 20111018 1200  0.00  1.95  1.00 1 1
 20111019 1200  0.43  5.66  6.00 1 1
 20111020 1200  1.58  6.70 17.00 1 1
 20111021 1200  0.00  1.34  0.00 1 1
 20111022 1200  0.12  2.31  2.00 1 1
 20111023 1200  0.43  4.14  8.00 1 1
 20111024 1200  0.00  1.58  0.00 1 1
 20111025 1200  0.24  2.07  3.00 1 1
 20111026 1200  0.91 15.65 15.00 1 1
 20111027 1200  0.00  2.92  1.00 1 1
 20111028 1200  0.00  2.25  0.00 1 1
 20111029 1200  0.06  2.56  3.00 1 1
 20111030 1200  0.00  1.83  1.00 1 1
 20111031 1200  0.61  5.24  5.00 1 1
 20111101 1200  1.46  6.27 13.00 1 1
 20111102 1200  2.25 12.12 26.00 1 1
 20111103 1200  0.18  2.68  1.00 1 1
 20111104 1200  0.00  2.38  0.00 1 1
 20111105 1200  0.06  3.05  1.00 1 1
 20111106 1200  0.00  3.53  0.00 1 1
 20111107 1200  0.06  7.80  1.00 1 1
 20111108 1200  0.00  1.95  0.00 1 1
 20111109 1200  0.00  2.01  0.00 1 1
 20111110 1200  1.22  7.98 10.00 1 1
 20111111 1200  0.73  4.57  8.00 1 1
 20111112 1200  0.00  2.56  1.00 1 1
 20111113 1200  0.00  2.13  0.00 1 1
 20111114 1200  0.00  3.71  0.00 1 1
 20111115 1200  0.00  2.74  0.00 1 1
 20111116 1200  0.00  1.46  0.00 1 1
 20111117 1200  0.00  0.85  0.00 1 1
 20111118 1200  0.00  3.05  0.00 1 1
 20111119 1200  0.00  1.46  0.00 1 1
 20111120 1200  0.91 10.35  5.00 1 1
 20111121 1200  0.06  2.50  2.00 1 1
 20111122 1200  0.00  3.29  1.00 1 1
 20111123 1200  2.31 46.29 22.00 1 1
 20111124 1200  0.43  3.78  4.00 1 1
 20111125 1200  0.91  5.24  9.00 1 1
 20111126 1200  0.55  2.31 15.00 1 1
 20111127 1200  0.00  2.50  0.00 1 1
 20111128 1200  0.18  8.34  1.00 1 1
 20111129 1200 -9.99 56.64  8.00 0 1
 20111130 1200  1.34 62.24 18.00 1 1
 20111201 1200  0.55  7.43  2.00 1 1
 20111202 1200  0.00  1.52  0.00 1 1
 20111203 1200  0.00  1.77  0.00 1 1
 20111204 1200  0.00  5.18  0.00 1 1
 20111205 1200  0.00  4.45  0.00 1 1
 20111206 1200  0.00  2.92  0.00 1 1
 20111207 1200  0.00  5.72  0.00 1 1
 20111208 1200  0.12  9.26  2.00 1 1
 20111209 1200  0.00  3.05  0.00 1 1
 20111210 1200  0.00  2.68  0.00 1 1
 20111211 1200  0.24 13.76  3.00 1 1
 20111212 1200  0.12  2.92  5.00 1 1
 20111213 1200  0.00  6.94  0.00 1 1
 20111214 1200  0.00  1.83  0.00 1 1
 20111215 1200  0.49  4.14  8.00 1 1
 20111216 1200  0.06  0.85  2.00 1 1
 20111217 1200  0.43  3.17  8.00 1 1
 20111218 1200  0.24  3.11  3.00 1 1
 20111219 1200  0.06  6.15  4.00 1 1
 20111220 1200  0.97 11.21 10.00 1 1
 20111221 1200  0.00  2.80  0.00 1 1
 20111222 1200  1.04  4.81 14.00 1 1
 20111223 1200  0.73  4.57 12.00 1 1
 20111224 1200  0.30  4.51  2.00 1 1
 20111225 1200  0.18  3.41  3.00 1 1
 20111226 1200  0.00  2.98  0.00 1 1
 20111227 1200  0.00  2.62  0.00 1 1
 20111228 1200  0.00  2.25  0.00 1 1
 20111229 1200  0.00  1.58  0.00 1 1
 20111230 1200  0.00  2.01  0.00 1 1
 20111231 1200  0.00  1.40  0.00 1 1
 20120101 1200  0.00  1.64  0.00 1 1
 20120102 1200  0.00  1.77  0.00 1 1
 20120103 1200  0.00  2.98  0.00 1 1
 20120104 1200  0.00  0.67  1.00 1 1
 20120105 1200  0.06  0.91  1.00 1 1
 20120106 1200  0.61  2.80 10.00 1 1
 20120107 1200  0.06  2.01 15.00 1 1
 20120108 1200  0.00  0.67  4.00 1 1
 20120109 1200  0.00  0.79  9.00 1 1
 20120110 1200 -9.99  0.67  2.00 0 1
 20120111 1200  0.85  5.91  6.00 1 1
 20120112 1200  0.00  1.34  0.00 1 1
 20120113 1200  0.00  2.86  0.00 1 1
 20120114 1200  0.06  4.69  1.00 1 1
 20120115 1200  0.00  1.28  0.00 1 1
 20120116 1200  0.24  2.19  5.00 1 1
 20120117 1200  0.00  2.25  0.00 1 1
 20120118 1200  0.00  2.92  0.00 1 1
 20120119 1200  0.00  2.13  0.00 1 1
 20120120 1200  0.00  1.89  0.00 1 1
 20120121 1200  0.00  1.04  0.00 1 1
 20120122 1200  0.00  2.07  0.00 1 1
 20120123 1200  0.00  1.46  0.00 1 1
 20120124 1200  0.00  1.71  0.00 1 1
 20120125 1200  0.00  2.56  0.00 1 1
 20120126 1200  0.18  3.65  2.00 1 1
 20120127 1200  0.00  0.43  0.00 1 1
 20120128 1200  0.00  1.40  0.00 1 1
 20120129 1200  0.00  1.89  0.00 1 1
 20120130 1200  0.00  1.77  0.00 1 1
 20120131 1200  0.00  2.25  0.00 1 1
 20120201 1200  0.00  2.80  0.00 1 1
 20120202 1200  0.00  1.83  0.00 1 1
 20120203 1200  0.00  1.71  0.00 1 1
 20120204 1200  0.00  1.83  0.00 1 1
 20120205 1200  0.24  3.59  2.00 1 1
 20120206 1200  0.30  3.17  2.00 1 1
 20120207 1200  0.00  1.40  0.00 1 1
 20120208 1200  0.00  3.29  0.00 1 1
 20120209 1200  0.00  2.01  0.00 1 1
 20120210 1200  0.67 18.57  6.00 1 1
 20120211 1200  0.06  4.08  2.00 1 1
 20120212 1200  0.06  7.67  4.00 1 1
 20120213 1200  0.12  6.64  1.00 1 1
 20120214 1200  0.06  2.07  2.00 1 1
 20120215 1200  0.24  8.83  6.00 1 1
 20120216 1200  0.00  0.91  0.00 1 1
 20120217 1200  0.00  1.28  0.00 1 1
 20120218 1200  0.00  2.25  0.00 1 1
 20120219 1200  0.00  1.28  0.00 1 1
 20120220 1200  0.00  2.62  0.00 1 1
 20120221 1200  0.06  2.56  2.00 1 1
 20120222 1200  0.97  0.00 11.00 1 1
 20120223 1200  0.12  1.52  4.00 1 1
 20120224 1200  2.62 70.65 20.00 1 1
 20120225 1200  0.00  1.40  0.00 1 1
 20120226 1200  0.67 25.76  1.00 1 1
 20120227 1200  0.91 14.49  8.00 1 1
 20120228 1200  0.61  4.20  9.00 1 1
 20120229 1200  0.00  3.47 10.00 1 1
 20120301 1200  0.00  2.62 10.00 1 1
 20120302 1200  0.00  1.77  6.00 1 1
 20120303 1200  0.24  4.14  5.00 1 1
 20120304 1200  2.13 16.20 11.00 1 1
 20120305 1200  0.00  1.40  0.00 1 1
 20120306 1200  0.00  1.46  0.00 1 1
 20120307 1200  0.00  2.25  0.00 1 1
 20120308 1200  0.00  1.16  0.00 1 1
 20120309 1200  0.00  2.44  0.00 1 1
 20120310 1200  0.00  2.74  0.00 1 1
 20120311 1200  0.00  4.51  0.00 1 1
 20120312 1200  0.00  1.89  0.00 1 1
 20120313 1200  0.00  1.89  0.00 1 1
 20120314 1200  0.00  2.01  0.00 1 1
 20120315 1200  0.00  2.98  0.00 1 1
 20120316 1200  0.00  0.85  0.00 1 1
 20120317 1200  0.00  3.53  0.00 1 1
 20120318 1200  0.00  3.11  0.00 1 1
 20120319 1200  0.00  1.83  0.00 1 1
 20120320 1200  0.00  3.11  0.00 1 1
 20120321 1200  0.00  4.14  0.00 1 1
 20120322 1200  0.00  2.19  0.00 1 1
 20120323 1200  0.00  2.74  0.00 1 1
 20120324 1200  0.79  6.27  5.00 1 1
 20120325 1200  1.22 33.19 30.00 1 1
 20120326 1200  0.85  5.91  4.00 1 1
 20120327 1200  0.55  5.12  3.00 1 1
 20120328 1200  0.00  1.40  1.00 1 1
 20120329 1200  0.18  2.74  2.00 1 1
 20120330 1200  0.00  0.61  3.00 1 1
 20120331 1200  0.00  0.85  5.00 1 1
 20120401 1200  0.00  0.30  0.00 1 1
 20120402 1200  0.00  0.97  0.00 1 1
 20120403 1200  0.00  0.37  0.00 1 1
 20120404 1200  0.00  0.43  0.00 1 1
 20120405 1200  0.12  1.46 10.00 1 1
 20120406 1200  0.06  0.91  2.00 1 1
 20120407 1200  0.00  3.65  1.00 1 1
 20120408 1200  0.06  2.19  1.00 1 1
 20120409 1200  0.12  4.99  2.00 1 1
 20120410 1200  0.00  4.57  0.00 1 1
 20120411 1200  0.00  3.90  0.00 1 1
 20120412 1200  0.00  2.50  0.00 1 1
 20120413 1200  0.12  3.17  4.00 1 1
 20120414 1200  0.12  2.44  1.00 1 1
 20120415 1200  0.12  6.03  5.00 1 1
 20120416 1200  0.24  4.02  2.00 1 1
 20120417 1200  1.83 11.02 14.00 1 1
 20120418 1200  0.18  2.25  5.00 1 1
 20120419 1200  0.61  3.11  8.00 1 1
 20120420 1200  0.00  1.64  0.00 1 1
 20120421 1200  0.06  3.84  1.00 1 1
 20120422 1200  0.06  8.65  2.00 1 1
 20120423 1200  0.06  2.31  4.00 1 1
 20120424 1200  0.00  1.40  0.00 1 1
 20120425 1200  0.00  4.63  0.00 1 1
 20120426 1200  0.00  1.58  0.00 1 1
 20120427 1200  0.67  4.69  5.00 1 1
 20120428 1200  3.41 16.57 38.00 1 1
 20120429 1200  0.00  0.37  1.00 1 1
 20120430 1200  0.43 44.03 10.00 1 1
 20120501 1200  0.00  2.98  1.00 1 1
 20120502 1200  0.06  4.93  1.00 1 1
 20120503 1200  0.00  1.04  0.00 1 1
 20120504 1200  1.64 62.06  1.00 1 1
 20120505 1200  0.00  3.29  0.00 1 1
 20120506 1200  0.00  1.10  0.00 1 1
 20120507 1200  0.00  1.71  0.00 1 1
 20120508 1200  0.00  1.28  0.00 1 1
 20120509 1200  0.00  2.01  0.00 1 1
 20120510 1200  0.00  2.98  0.00 1 1
 20120511 1200 -9.99 -9.99 -9.99 0 0
 20120512 1200  0.00  5.41  1.00 2 1
 20120513 1200  0.00  6.14  2.00 2 1
 20120514 1200  0.00  9.37  2.00 2 1
 20120515 1200  0.00  9.61  1.00 2 1
 20120516 1200  0.06  3.95  1.00 2 1
 20120517 1200  0.24 20.44  4.00 2 1
 20120518 1200  0.00  5.90  0.00 2 1
 20120519 1200  0.00 11.19  0.00 2 1
 20120520 1200  0.12  9.43  2.00 2 1
 20120521 1200  0.06 14.42  1.00 2 1
 20120522 1200  0.06 10.28  1.00 2 1
 20120523 1200  0.61 14.54  7.00 2 1
 20120524 1200  0.06 11.98  3.00 2 1
 20120525 1200  0.00 11.50  1.00 2 1
 20120526 1200  0.24 62.05  3.00 2 1
 20120527 1200  0.00  7.24  1.00 2 1
 20120528 1200  0.06  4.81  2.00 2 1
 20120529 1200  0.18  7.12  3.00 2 1
 20120530 1200  0.12  2.62 11.00 2 1
 20120531 1200  0.18  3.47  8.00 2 1
 20120601 1200  1.16 42.71  1.00 2 1
 20120602 1200  0.00  6.57  0.00 2 1
 20120603 1200  0.00  6.63  2.00 2 1
 20120604 1200  0.00  7.42  0.00 2 1
 20120605 1200  0.18  7.91  2.00 2 1
 20120606 1200  0.18 43.38  2.00 2 1
 20120607 1200  0.00  9.79  1.00 2 1
 20120608 1200  0.00  2.68  2.00 2 1
 20120609 1200  0.12 32.91  2.00 2 1
 20120610 1200  0.00  8.88  0.00 2 1
 20120611 1200  0.00  5.29  0.00 2 1
 20120612 1200  0.00 10.10  1.00 2 1
 20120613 1200  0.00  3.04  0.00 2 1
 20120614 1200  0.00  7.48  0.00 2 1
 20120615 1200  0.00  6.02  1.00 2 1
 20120616 1200  0.00  5.66  3.00 2 1
 20120617 1200  0.00 10.34  2.00 2 1
 20120618 1200  0.06  6.14  1.00 2 1
 20120619 1200  0.00 10.10  1.00 2 1
 20120620 1200  0.00  5.48  1.00 2 1
 20120621 1200  0.00  7.54  0.00 2 1
 20120622 1200  0.00  3.22  1.00 2 1
 20120623 1200  0.00  7.79  0.00 2 1
 20120624 1200  0.00 11.19  1.00 2 1
 20120625 1200  0.00  6.75  0.00 2 1
 20120626 1200  0.00  7.79  0.00 2 1
 20120627 1200  0.00  8.03  0.00 2 1
 20120628 1200  0.00 13.45  0.00 2 1
 20120629 1200  0.00  4.26  2.00 2 1
 20120630 1200  0.55  8.94  5.00 2 1
 20120701 1200  0.12  6.21  2.00 2 1
 20120702 1200  0.06  4.75  2.00 2 1
 20120703 1200  0.06 36.68  2.00 2 1
 20120704 1200  0.06 11.01  1.00 2 1
 20120705 1200  0.00  3.89  0.00 2 1
 20120706 1200  0.18  4.38  3.00 2 1
 20120707 1200  0.30  0.00  4.00 2 1
 20120708 1200  0.00  5.35  0.00 2 1
 20120709 1200  0.18  6.21  3.00 2 1
 20120710 1200  0.00  5.96  0.00 2 1
 20120711 1200  0.00  5.48  0.00 2 1
 20120712 1200  0.30  7.48  2.00 2 1
 20120713 1200  3.47  0.00  3.00 2 1
 20120714 1200  0.00  4.99  0.00 2 1
 20120715 1200  0.18  5.60  2.00 2 1
 20120716 1200  0.00  2.92  0.00 2 1
 20120717 1200  0.00  6.75  0.00 2 1
 20120718 1200  0.24  6.33  3.00 2 1
 20120719 1200  0.00  6.57  0.00 2 1
 20120720 1200  0.00  5.90  0.00 2 1
 20120721 1200  0.00 12.41  0.00 2 1
 20120722 1200  0.00  3.35  0.00 2 1
 20120723 1200  0.00  3.65  1.00 2 1
 20120724 1200  0.00  3.89  0.00 2 1
 20120725 1200  0.12  5.60  1.00 2 1
 20120726 1200  0.06  5.05  1.00 2 1
 20120727 1200  0.00  4.32  0.00 2 1
 20120728 1200  0.00  2.56  0.00 2 1
 20120729 1200  0.00  2.49  0.00 2 1
 20120730 1200  0.00  4.81  0.00 2 1
 20120731 1200  0.00  6.21  0.00 2 1
 20120801 1200  0.00  7.91  0.00 2 1
 20120802 1200  0.00  3.22  0.00 2 1
 20120803 1200  0.00  8.03  0.00 2 1
 20120804 1200  0.00  3.53  0.00 2 1
 20120805 1200  0.00  3.47  0.00 2 1
 20120806 1200 -9.99  8.09  0.00 0 1
 20120807 1200  0.00  6.27  0.00 2 1
 20120808 1200  0.00  7.97  0.00 2 1
 20120809 1200  0.00  3.83  0.00 2 1
 20120810 1200  0.30  5.72  3.00 2 1
 20120811 1200  0.00  4.44  0.00 2 1
 20120812 1200  0.00  3.89  0.00 2 1
 20120813 1200  0.00  9.31  0.00 2 1
 20120814 1200  0.00  3.77  0.00 2 1
 20120815 1200  2.31  0.00 11.00 2 1
 20120816 1200  0.00  2.86  0.00 2 1
 20120817 1200  0.00  0.00  2.00 2 1
 20120818 1200  0.79  5.90  8.00 2 1
 20120819 1200  0.06 16.30  2.00 2 1
 20120820 1200  0.06 12.29  4.00 2 1
 20120821 1200  0.24  5.66  6.00 2 1
 20120822 1200  0.00  7.60  0.00 2 1
 20120823 1200  0.00  9.37  0.00 2 1
 20120824 1200  0.00  5.48  0.00 2 1
 20120825 1200  0.61  5.84  4.00 2 1
 20120826 1200  2.01 20.50 17.00 2 1
 20120827 1200  0.00  8.21  0.00 2 1
 20120828 1200  0.67 10.65  4.00 2 1
 20120829 1200  0.00  2.80  2.00 2 1
 20120830 1200  0.00  4.14  3.00 2 1
 20120831 1200  0.00  8.03  3.00 2 1
 20120901 1200  0.00  7.30  3.00 2 1
 20120902 1200  0.00  3.95  4.00 2 1
 20120903 1200  0.18  6.69  5.00 2 1
 20120904 1200  0.24  5.29  3.00 2 1
 20120905 1200  0.00  2.98  0.00 2 1
 20120906 1200  0.00  7.24  0.00 2 1
 20120907 1200  0.00  3.59  0.00 2 1
 20120908 1200  0.73  6.39  6.00 2 1
 20120909 1200  0.61 19.65 11.00 2 1
 20120910 1200  0.18 33.95  5.00 2 1
 20120911 1200  0.12  3.47  9.00 2 1
 20120912 1200  0.91  0.00  8.00 2 1
 20120913 1200  0.00  5.66  0.00 2 1
 20120914 1200  0.18  9.06  2.00 2 1
 20120915 1200  0.79  0.00  4.00 2 1
 20120916 1200 -9.99  7.18  1.00 0 1
 20120917 1200  0.00  4.87  1.00 2 1
 20120918 1200  0.30  5.29  5.00 2 1
 20120919 1200  0.00  4.99  6.00 2 1
 20120920 1200  0.00  9.73  2.00 2 1
 20120921 1200  0.00  8.88  0.00 2 1
 20120922 1200  0.00  6.94  0.00 2 1
 20120923 1200  0.00  5.17  0.00 2 1
 20120924 1200  0.00  5.41  1.00 2 1
 20120925 1200  0.00  2.86  0.00 2 1
 20120926 1200  0.43 55.91  9.00 2 1
 20120927 1200  0.06  8.76  3.00 2 1
 20120928 1200  0.00  8.76  0.00 2 1
 20120929 1200  0.00  6.45  1.00 2 1
 20120930 1200  0.00  5.05  0.00 2 1
 20121001 1200  0.00  7.67  0.00 2 1
 20121002 1200  0.00  6.51  0.00 2 1
 20121003 1200  0.00  5.66  0.00 2 1
 20121004 1200  0.00 11.19  0.00 2 1
 20121005 1200  0.00  5.05  0.00 2 1
 20121006 1200  0.00  7.60  0.00 2 1
 20121007 1200  0.00  5.54  0.00 2 1
 20121008 1200  0.00  5.60  0.00 2 1
 20121009 1200  0.00  1.89  0.00 2 1
 20121010 1200  0.00  6.51  0.00 2 1
 20121011 1200  0.00  9.25  0.00 2 1
 20121012 1200  0.00  7.60  0.00 2 1
 20121013 1200  0.12  3.77  2.00 2 1
 20121014 1200  0.06  7.42  2.00 2 1
 20121015 1200 -9.99 45.51  3.00 0 1
 20121016 1200  1.83  8.58 20.00 2 1
 20121017 1200  0.06  7.97  3.00 2 1
 20121018 1200  0.24  5.05  5.00 2 1
 20121019 1200  0.00  6.57  0.00 2 1
 20121020 1200  0.49  0.00 10.00 2 1
 20121021 1200 -9.99  0.00  9.00 0 1
 20121022 1200  0.06  5.41  2.00 2 1
 20121023 1200  0.00  4.87  1.00 2 1
 20121024 1200  0.24  5.54  3.00 2 1
 20121025 1200  0.18  0.00  4.00 2 1
 20121026 1200  0.12  4.99  1.00 2 1
 20121027 1200  0.37  6.21  8.00 2 1
 20121028 1200  0.06  6.39  3.00 2 1
 20121029 1200  0.00  7.79  1.00 2 1
 20121030 1200  0.00  4.68  8.00 2 1
 20121031 1200  0.00  4.87 10.00 2 1
 20121101 1200  1.89  5.90 24.00 2 1
 20121102 1200  0.00  1.83  4.00 2 1
 20121103 1200  0.79  0.00 15.00 2 1
 20121104 1200  0.00  5.96  0.00 2 1
 20121105 1200  0.00  6.87  0.00 2 1
 20121106 1200  1.22  8.03 20.00 2 1
 20121107 1200  0.18  4.38  7.00 2 1
 20121108 1200  0.06 51.04  4.00 2 1
 20121109 1200  7.97  0.00 22.00 2 1
 20121110 1200  2.01 13.02  4.00 2 1
 20121111 1200  2.07  8.70 24.00 2 1
 20121112 1200  0.43  4.81  6.00 2 1
 20121113 1200  0.30  7.36  2.00 2 1
 20121114 1200  0.30  5.72  3.00 2 1
 20121115 1200  0.00  4.32  1.00 2 1
 20121116 1200  0.00  4.14  1.00 2 1
 20121117 1200  0.00  5.90  0.00 2 1
 20121118 1200  0.18  5.84  1.00 2 1
 20121119 1200  0.00  4.38  0.00 2 1
 20121120 1200  0.00  6.39  1.00 2 1
 20121121 1200  1.03  8.88  4.00 2 1
 20121122 1200  0.00  5.66  0.00 2 1
 20121123 1200  0.00  9.73  0.00 2 1
 20121124 1200  0.00  4.14  1.00 2 1
 20121125 1200  1.83  7.48 25.00 2 1
 20121126 1200  0.00  3.22  0.00 2 1
 20121127 1200  0.06  2.74  1.00 2 1
 20121128 1200  0.00  4.62  0.00 2 1
 20121129 1200  0.00  3.89  0.00 2 1
 20121130 1200  2.49  9.13 35.00 2 1
 20121201 1200  0.00  4.20  0.00 2 1
 20121202 1200  0.00  2.37  0.00 2 1
 20121203 1200  0.00  4.75  0.00 2 1
 20121204 1200  0.00  9.37  0.00 2 1
 20121205 1200  0.00  3.95  0.00 2 1
 20121206 1200  0.18  2.98  2.00 2 1
 20121207 1200  0.00  3.29  0.00 2 1
 20121208 1200  0.55  7.18  3.00 2 1
 20121209 1200  0.67 40.76 13.00 2 1
 20121210 1200  0.00  3.10  2.00 2 1
 20121211 1200  0.00  6.81  3.00 2 1
 20121212 1200  0.00  5.05  6.00 2 1
 20121213 1200  0.00  6.14 11.00 2 1
 20121214 1200  1.58 33.28 23.00 2 1
 20121215 1200  0.30  3.77 13.00 2 1
 20121216 1200  0.00  7.24  5.00 2 1
 20121217 1200  0.00  6.45 12.00 2 1
 20121218 1200  0.79  7.00  7.00 2 1
 20121219 1200  0.67 35.83 11.00 2 1
 20121220 1200  1.28  0.00  7.00 2 1
 20121221 1200  0.06  5.84  1.00 2 1
 20121222 1200  0.43  5.11  5.00 2 1
 20121223 1200  0.49  5.96  9.00 2 1
 20121224 1200  0.00  2.80  0.00 2 1
 20121225 1200  0.00  2.37  1.00 2 1
 20121226 1200  0.55  4.99  7.00 2 1
 20121227 1200  0.12 40.40  4.00 2 1
 20121228 1200  0.06  4.32  1.00 2 1
 20121229 1200  0.00  6.33  1.00 2 1
 20121230 1200  1.16  9.86 15.00 2 1
 20121231 1200  0.06  1.46  1.00 2 1
 20130101 1200  0.37  2.98  5.00 2 1
 20130102 1200  0.06  4.50  4.00 2 1
 20130103 1200  0.06  4.44  2.00 2 1
 20130104 1200  0.24  5.05  1.00 2 1
 20130105 1200  0.37  3.71  4.00 2 1
 20130106 1200  1.10  0.00  8.00 2 1
 20130107 1200  0.24 66.07  2.00 2 1
 20130108 1200  0.00  0.85  5.00 2 1
 20130109 1200  0.24  2.19  5.00 2 1
 20130110 1200  0.00  2.49  0.00 2 1
 20130111 1200  0.00  4.93  1.00 2 1
 20130112 1200  0.06  2.25  3.00 2 1
 20130113 1200  0.06  2.01  1.00 2 1
 20130114 1200  0.00  3.47  0.00 2 1
 20130115 1200  0.73  8.33  4.00 2 1
 20130116 1200  1.95 12.96 16.00 2 1
 20130117 1200  0.79 68.69 18.00 2 1
 20130118 1200  0.00  2.74  0.00 2 1
 20130119 1200  0.00  5.96  0.00 2 1
 20130120 1200 -9.99 57.25  3.00 0 1
 20130121 1200  0.00  5.17  5.00 2 1
 20130122 1200  0.24  6.08  3.00 2 1
 20130123 1200  0.00  4.99  0.00 2 1
 20130124 1200  0.18 16.37  4.00 2 1
 20130125 1200  0.00  4.08  0.00 2 1
 20130126 1200  0.18 67.23  6.00 2 1
 20130127 1200  0.00  3.59  0.00 2 1
 20130128 1200  0.00  4.81  0.00 2 1
 20130129 1200  0.18  8.09  2.00 2 1
 20130130 1200  0.00  3.29  0.00 2 1
 20130131 1200  0.00  7.24  1.00 2 1
 20130201 1200  0.24  4.14  3.00 2 1
 20130202 1200  0.18 58.16 17.00 2 1
 20130203 1200  3.10  0.00 10.00 2 1
 20130204 1200  0.00  2.25  0.00 2 1
 20130205 1200  0.00  1.83  1.00 2 1
 20130206 1200  0.49 47.21 11.00 2 1
 20130207 1200  0.37  6.51  7.00 2 1
 20130208 1200  0.00  5.35  1.00 2 1
 20130209 1200  0.00  5.66  0.00 2 1
 20130210 1200  0.85 18.74 14.00 2 1
 20130211 1200  1.16 47.94 12.00 2 1
 20130212 1200  0.00  3.59  0.00 2 1
 20130213 1200  0.00  7.36  0.00 2 1
 20130214 1200  0.06  6.45  1.00 2 1
 20130215 1200  0.12  4.38  2.00 2 1
 20130216 1200  8.82  0.00  6.00 2 1
 20130217 1200  0.06  2.19  2.00 2 1
 20130218 1200  0.00  8.46  0.00 2 1
 20130219 1200  0.00  3.41  0.00 2 1
 20130220 1200  0.00  6.14  0.00 2 1
 20130221 1200  0.00  3.71  0.00 2 1
 20130222 1200  0.00  7.67  0.00 2 1
 20130223 1200  0.00  4.32  0.00 2 1
 20130224 1200 -9.99  3.71  0.00 0 1
 20130225 1200  0.00  3.29  0.00 2 1
 20130226 1200  0.00  3.10  0.00 2 1
 20130227 1200  0.00  2.62  0.00 2 1
 20130228 1200 -9.99  0.00  3.00 0 1
 20130301 1200  0.67  5.17  5.00 2 1
 20130302 1200  0.55  5.17  5.00 2 1
 20130303 1200  0.00  8.58  0.00 2 1
 20130304 1200  0.12 10.34  4.00 2 1
 20130305 1200  0.00  6.94  0.00 2 1
 20130306 1200  0.00  5.54  0.00 2 1
 20130307 1200  0.00  5.05  0.00 2 1
 20130308 1200  0.43  6.45  3.00 2 1
 20130309 1200  0.00  2.92  1.00 2 1
 20130310 1200  0.00  5.29  0.00 2 1
 20130311 1200  0.00  2.25  1.00 2 1
 20130312 1200  0.00  4.26  0.00 2 1
 20130313 1200  0.00  3.35  0.00 2 1
 20130314 1200  0.00  3.22  0.00 2 1
 20130315 1200  0.00  6.39  0.00 2 1
 20130316 1200  0.00  3.71  0.00 2 1
 20130317 1200  0.00 56.34  1.00 2 1
 20130318 1200  0.43 12.35  4.00 2 1
 20130319 1200  0.12 13.87  3.00 2 1
 20130320 1200  0.06  6.02  1.00 2 1
 20130321 1200  0.00 16.55  0.00 2 1
 20130322 1200  0.00  1.83  0.00 2 1
 20130323 1200  0.06  4.26  2.00 2 1
 20130324 1200  0.06  3.35  1.00 2 1
 20130325 1200  0.06 25.79  2.00 2 1
 20130326 1200  0.00  3.59  0.00 2 1
 20130327 1200  0.00  3.65  0.00 2 1
 20130328 1200  0.00  3.83  0.00 2 1
 20130329 1200  0.00  3.71  0.00 2 1
 20130330 1200 -9.99  1.52  0.00 0 1
 20130331 1200  0.00  4.08  0.00 2 1
 20130401 1200  0.00  2.49  0.00 2 1
 20130402 1200  0.61 73.67 16.00 2 1
 20130403 1200  0.00  4.20  6.00 2 1
 20130404 1200  0.24  4.14  4.00 2 1
 20130405 1200  0.30  3.53  6.00 2 1
 20130406 1200  0.12  5.72  3.00 2 1
 20130407 1200  0.00  5.35  0.00 2 1
 20130408 1200  0.00  8.33  0.00 2 1
 20130409 1200  0.00  3.59  1.00 2 1
 20130410 1200 -9.99 62.97  1.00 0 1
 20130411 1200  0.00  4.50  0.00 2 1
 20130412 1200  0.00  3.41  0.00 2 1
 20130413 1200  0.00  4.99  1.00 2 1
 20130414 1200  0.00  4.02  0.00 2 1
 20130415 1200  0.12  7.18  3.00 2 1
 20130416 1200  0.24  4.02  4.00 2 1
 20130417 1200  0.06  8.52  1.00 2 1
 20130418 1200  6.21  0.00  2.00 2 1
 20130419 1200  0.00  3.10  0.00 2 1
 20130420 1200  0.00  1.70  0.00 2 1
 20130421 1200  0.00  2.43  0.00 2 1
 20130422 1200  0.12  1.95  2.00 2 1
 20130423 1200  0.00  2.43  0.00 2 1
 20130424 1200  0.18  2.98  3.00 2 1
 20130425 1200  0.06  4.50  2.00 2 1
 20130426 1200  0.00  7.60  3.00 2 1
 20130427 1200  0.00  4.62  1.00 2 1
 20130428 1200  2.31 18.86  9.00 2 1
 20130429 1200  0.12  3.29  2.00 2 1
 20130430 1200  0.00  3.65  0.00 2 1
 20130501 1200  0.06  4.50  1.00 2 1
 20130502 1200  0.18  2.92  5.00 2 1
 20130503 1200  0.12  2.62  3.00 2 1
 20130504 1200  0.30  5.78  9.00 2 1
 20130505 1200  1.52  0.00 22.00 2 1
 20130506 1200  0.00  3.47  0.00 2 1
 20130507 1200  0.12  2.31  2.00 2 1
 20130508 1200  1.70  8.64 14.00 2 1
 20130509 1200  2.98  0.00 34.00 2 1
 20130510 1200  0.00  2.92  1.00 2 1
 20130511 1200  0.18  3.41  4.00 2 1
 20130512 1200  0.24  0.00  3.00 2 1
 20130513 1200  0.00  1.46  1.00 2 1
 20130514 1200 -9.99  2.49  0.00 0 1
 20130515 1200  0.00  1.28  1.00 2 1
 20130516 1200  0.00  1.83  1.00 2 1
 20130517 1200  0.00  1.10  0.00 2 1
 20130518 1200 -9.99  2.13  1.00 0 1
 20130519 1200 -9.99  6.14  0.00 0 1
 20130520 1200 -9.99  1.10  0.00 0 1
 20130521 1200 -9.99  4.87  0.00 0 1
 20130522 1200  0.00  3.29  0.00 2 1
 20130523 1200  0.00  1.64  0.00 2 1
 20130524 1200 -9.99  1.70  0.00 0 1
 20130525 1200 -9.99  1.46  0.00 0 1
 20130526 1200  0.00  2.31  0.00 2 1
 20130527 1200  0.00  2.92  0.00 2 1
 20130528 1200  0.00  5.72  0.00 2 1
 20130529 1200  0.00  3.95  0.00 2 1
 20130530 1200  0.00  3.35  0.00 2 1
 20130531 1200  0.00  7.00  0.00 2 1
 20130601 1200  0.06  3.47  1.00 2 1
 20130602 1200  0.37  6.08  2.00 2 1
 20130603 1200  0.18  5.54  6.00 2 1
 20130604 1200  0.43  0.00 13.00 2 1
 20130605 1200  0.00  3.35  0.00 2 1
 20130606 1200  0.91 53.05 13.00 2 1
 20130607 1200  0.18  4.20  4.00 2 1
 20130608 1200  1.28  7.79 24.00 2 1
 20130609 1200  0.00  4.44  1.00 2 1
 20130610 1200  0.00  2.80  0.00 2 1
 20130611 1200  0.00  3.10  0.00 2 1
 20130612 1200  0.12  4.02  2.00 2 1
 20130613 1200  0.00  6.45  0.00 2 1
 20130614 1200  0.00  5.29  0.00 2 1
 20130615 1200  0.00  2.86  0.00 2 1
 20130616 1200  0.00  2.98  0.00 2 1
 20130617 1200  0.24  6.33  3.00 2 1
 20130618 1200  0.24  4.02  1.00 2 1
 20130619 1200  0.00  5.90  0.00 2 1
 20130620 1200  0.00  5.17  1.00 2 1
 20130621 1200  0.00  2.56  0.00 2 1
 20130622 1200  0.37  5.90  3.00 2 1
 20130623 1200  0.18 38.69  2.00 2 1
 20130624 1200  0.00  2.31  0.00 2 1
 20130625 1200  0.00  5.48  1.00 2 1
 20130626 1200  0.00  2.31  0.00 2 1
 20130627 1200  0.00  2.01  0.00 2 1
 20130628 1200  0.00  1.83  0.00 2 1
 20130629 1200  0.00  2.62  0.00 2 1
 20130630 1200  0.00  2.31  0.00 2 1
 20130701 1200  0.43  5.96  6.00 2 1
 20130702 1200 -9.99  6.94 32.00 0 1
 20130703 1200  0.24  2.25 17.00 2 1
 20130704 1200  0.00  5.48 11.00 2 1
 20130705 1200  0.00  3.89 13.00 2 1
 20130706 1200  0.18  6.51  3.00 2 1
 20130707 1200  0.00  4.62  0.00 2 1
 20130708 1200  0.00  5.05  1.00 2 1
 20130709 1200  0.12  3.10  2.00 2 1
 20130710 1200  0.00  6.21  0.00 2 1
 20130711 1200  0.00  3.89  0.00 2 1
 20130712 1200  0.00  5.84  0.00 2 1
 20130713 1200  0.00  2.19  1.00 2 1
 20130714 1200  0.00  2.86  0.00 2 1
 20130715 1200  0.00  8.21  0.00 2 1
 20130716 1200  0.00  6.27  0.00 2 1
 20130717 1200  0.00  6.81  0.00 2 1
 20130718 1200  0.00  3.71  0.00 2 1
 20130719 1200  0.00  6.21  1.00 2 1
 20130720 1200  0.00  4.38  1.00 2 1
 20130721 1200  0.00  4.26  0.00 2 1
 20130722 1200  0.00  3.71  0.00 2 1
 20130723 1200  0.00  4.68  0.00 2 1
 20130724 1200  0.00  2.43  0.00 2 1
 20130725 1200  0.00  4.26  0.00 2 1
 20130726 1200  0.00  2.56  0.00 2 1
 20130727 1200  0.00  4.75  0.00 2 1
 20130728 1200  0.00  3.65  0.00 2 1
 20130729 1200  0.00  3.35  0.00 2 1
 20130730 1200  0.00  2.92  0.00 2 1
 20130731 1200  0.00  4.20  0.00 2 1
 20130801 1200  0.00  1.58  0.00 2 1
 20130802 1200  0.00  3.53  0.00 2 1
 20130803 1200  0.00  5.60  1.00 2 1
 20130804 1200  0.67  3.53 15.00 2 1
 20130805 1200  0.79  6.69  8.00 2 1
 20130806 1200  0.18  1.95  9.00 2 1
 20130807 1200  0.18  4.20 17.00 2 1
 20130808 1200  1.76 30.78 34.00 2 1
 20130809 1200 -9.99 57.98 27.00 0 1
 20130810 1200  0.12 50.62  8.00 2 1
 20130811 1200  0.06  5.54  1.00 2 1
 20130812 1200  0.43  6.27  4.00 2 1
 20130813 1200  0.43  7.48  2.00 2 1
 20130814 1200  0.30  2.86  5.00 2 1
 20130815 1200  0.00  3.71  0.00 2 1
 20130816 1200  0.00  2.19  0.00 2 1
 20130817 1200  0.00  3.41  0.00 2 1
 20130818 1200  0.00  3.89  0.00 2 1
 20130819 1200  0.12  2.43  2.00 2 1
 20130820 1200  0.00  2.92  0.00 2 1
 20130821 1200  0.00  3.53  0.00 2 1
 20130822 1200  0.00  6.63  0.00 2 1
 20130823 1200  0.00  1.46  0.00 2 1
 20130824 1200  0.24  3.04  2.00 2 1
 20130825 1200  0.00  2.37  1.00 2 1
 20130826 1200  0.06  1.22  2.00 2 1
 20130827 1200 -9.99  1.70  0.00 0 1
 20130828 1200 -9.99  0.85  0.00 0 1
 20130829 1200  2.13 41.13  9.00 2 1
 20130830 1200  1.46 14.54  9.00 2 1
 20130831 1200  0.67  7.12  3.00 2 1
 20130901 1200  0.37  3.71  3.00 2 1
 20130902 1200  0.49  2.43 18.00 2 1
 20130903 1200  0.12  4.26  3.00 2 1
 20130904 1200  0.00  6.14  0.00 2 1
 20130905 1200  0.00  4.08  1.00 2 1
 20130906 1200  0.00  5.11  0.00 2 1
 20130907 1200  0.00  5.41  4.00 2 1
 20130908 1200  0.12  2.80  8.00 2 1
 20130909 1200  0.37  3.35  4.00 2 1
 20130910 1200  0.24  6.39  5.00 2 1
 20130911 1200  0.24 46.42  1.00 2 1
 20130912 1200  0.00  1.16  0.00 2 1
 20130913 1200  0.00  1.46  0.00 2 1
 20130914 1200  0.00  1.16  0.00 2 1
 20130915 1200  0.00  2.49  0.00 2 1
 20130916 1200  0.00  2.80  0.00 2 1
 20130917 1200  0.00  2.25  0.00 2 1
 20130918 1200  0.00  1.95  0.00 2 1
 20130919 1200  0.00  1.70  0.00 2 1
 20130920 1200  0.00  2.86  0.00 2 1
 20130921 1200  0.00  2.98  0.00 2 1
 20130922 1200  0.00  6.87  0.00 2 1
 20130923 1200  0.00  4.62  0.00 2 1
 20130924 1200  0.00  2.43  0.00 2 1
 20130925 1200  0.00  2.62  0.00 2 1
 20130926 1200  0.18  4.81  1.00 2 1
 20130927 1200  0.00  2.68  0.00 2 1
 20130928 1200  0.00  1.34  0.00 2 1
 20130929 1200  0.12  3.04  1.00 2 1
 20130930 1200  0.06  0.00  1.00 2 1
 20131001 1200  0.00  2.80  0.00 2 1
 20131002 1200  0.30  0.00  4.00 2 1
 20131003 1200  0.43 14.72 10.00 2 1
 20131004 1200  0.00  0.73  0.00 2 1
 20131005 1200  0.00  0.43  0.00 2 1
 20131006 1200  0.00  0.55  1.00 2 1
 20131007 1200  0.00  0.55  1.00 2 1
 20131008 1200  0.06  4.44 11.00 2 1
 20131009 1200  0.37  5.96 14.00 2 1
 20131010 1200  0.00  1.10  0.00 2 1
 20131011 1200  0.06 19.53  1.00 2 1
 20131012 1200  0.00  3.71  0.00 2 1
 20131013 1200  0.00  8.94  0.00 2 1
 20131014 1200  0.00  3.41  0.00 2 1
 20131015 1200  0.12  3.16  2.00 2 1
 20131016 1200  0.18  1.89  4.00 2 1
 20131017 1200  2.80  8.82 34.00 2 1
 20131018 1200  0.37  3.59  5.00 2 1
 20131019 1200  0.61  3.65 13.00 2 1
 20131020 1200  0.18  3.41  2.00 2 1
 20131021 1200  0.00  4.62  0.00 2 1
 20131022 1200  0.24  2.56  4.00 2 1
 20131023 1200  0.00  2.92  0.00 2 1
 20131024 1200  0.00  4.32  0.00 2 1
 20131025 1200  0.00  1.76  0.00 2 1
 20131026 1200  0.00  4.32  0.00 2 1
 20131027 1200  0.06  4.75  1.00 2 1
 20131028 1200  0.00  1.64  0.00 2 1
 20131029 1200  0.00  4.32  0.00 2 1
 20131030 1200  0.06  5.48  1.00 2 1
 20131031 1200  0.06  2.25  1.00 2 1
 20131101 1200  0.18  5.41  2.00 2 1
 20131102 1200  0.00  2.25  0.00 2 1
 20131103 1200  0.00 44.53  1.00 2 1
 20131104 1200  0.00  1.16  0.00 2 1
 20131105 1200  0.00  2.19  1.00 2 1
 20131106 1200  0.43  0.00 10.00 2 1
 20131107 1200  3.53 64.00 13.00 2 1
 20131108 1200  0.30  3.47  3.00 2 1
 20131109 1200  0.30  2.74  3.00 2 1
 20131110 1200  0.12  2.13  2.00 2 1
 20131111 1200  0.00  1.83  0.00 2 1
 20131112 1200  0.00  0.00  1.00 2 1
 20131113 1200  0.00  0.91  0.00 2 1
 20131114 1200  1.22 11.32 14.00 2 1
 20131115 1200  0.43  5.17  4.00 2 1
 20131116 1200  0.12  1.46  3.00 2 1
 20131117 1200  0.00  1.03  0.00 2 1
 20131118 1200  0.43  5.05  2.00 2 1
 20131119 1200  0.30  5.90  4.00 2 1
 20131120 1200  0.00  1.64  0.00 2 1
 20131121 1200  0.00  1.89  0.00 2 1
 20131122 1200  0.00  3.22  0.00 2 1
 20131123 1200  0.06  2.01  1.00 2 1
 20131124 1200  0.00  2.07  0.00 2 1
 20131125 1200  0.00  4.93  0.00 2 1
 20131126 1200  0.67  8.70  2.00 2 1
 20131127 1200  0.00  2.31  0.00 2 1
 20131128 1200  0.00  2.13  0.00 2 1
 20131129 1200  0.00  1.58  0.00 2 1
 20131130 1200  9.43 18.80  9.00 2 1
 20131201 1200  0.73  4.02 20.00 2 1
 20131202 1200  0.49  3.29  6.00 2 1
 20131203 1200  0.00  1.76  0.00 2 1
 20131204 1200  0.12  5.11  4.00 2 1
 20131205 1200  0.06  2.37  3.00 2 1
 20131206 1200  0.12  2.86  6.00 2 1
 20131207 1200  0.55  4.62  8.00 2 1
 20131208 1200  0.06  7.73  2.00 2 1
 20131209 1200  0.06  3.83  2.00 2 1
 20131210 1200  0.12  4.32  1.00 2 1
 20131211 1200  0.00  1.95  0.00 2 1
 20131212 1200  0.00  4.14  0.00 2 1
 20131213 1200  0.00  1.40  0.00 2 1
 20131214 1200  0.30  0.00  1.00 2 1
 20131215 1200  0.12 20.87  6.00 2 1
 20131216 1200  0.00  1.46  0.00 2 1
 20131217 1200  0.49  4.81  4.00 2 1
 20131218 1200  0.00  3.22  0.00 2 1
 20131219 1200  0.00  5.48  0.00 2 1
 Time: 1200  1 Dec 2014 to 1200 29 Jan 2015 (index  2938 to  2997,   60 times)
 Depth (M):     -3.5  -3.5  -3.5 QUALITY and SOURCE
 YYYYMMDD HHMM  Prec StDev %Time Q S
 20141201 1200 -0.02  0.33  0.00 2 5
 20141202 1200 -0.01  0.27  2.10 2 5
 20141203 1200  0.01  0.13  0.00 2 5
 20141204 1200  0.19  1.03  6.90 2 5
 20141205 1200  0.02  0.41  2.80 2 5
 20141206 1200  0.01  0.30  2.10 2 5
 20141207 1200 -0.01  0.06  0.00 2 5
 20141208 1200  0.03  0.20  1.40 2 5
 20141209 1200  0.29  2.73  2.10 2 5
 20141210 1200  0.00  0.35  1.40 2 5
 20141211 1200  0.04  0.27  0.70 2 5
 20141212 1200  0.02  0.38  2.10 2 5
 20141213 1200 -0.01  0.02  0.00 2 5
 20141214 1200 -0.01  0.08  0.00 2 5
 20141215 1200  0.00  0.07  0.00 2 5
 20141216 1200  0.39  3.12  3.50 2 5
 20141217 1200  0.02  0.29  1.40 2 5
 20141218 1200  0.23  1.05  8.30 2 5
 20141219 1200 -0.01  0.05  0.00 2 5
 20141220 1200  0.68  3.27  9.00 2 5
 20141221 1200  0.09  0.72  5.60 2 5
 20141222 1200  0.05  0.33  2.80 2 5
 20141223 1200 -0.05  0.29  0.00 2 5
 20141224 1200  1.21  4.02 13.90 2 5
 20141225 1200  0.51  2.06  6.90 2 5
 20141226 1200  0.43  3.34  4.90 2 5
 20141227 1200 -0.01  0.03  0.00 2 5
 20141228 1200  0.00  0.01  0.00 2 5
 20141229 1200  0.00  0.02  0.00 2 5
 20141230 1200  0.21  1.78  2.80 2 5
 20141231 1200 -0.01  0.02  0.00 2 5
 20150101 1200 -0.01  0.01  0.00 2 5
 20150102 1200  0.00  0.01  0.00 2 5
 20150103 1200  1.54 10.73  3.50 2 5
 20150104 1200  0.02  0.30  0.70 2 5
 20150105 1200  0.00  0.03  0.00 2 5
 20150106 1200  1.18  6.26  4.90 2 5
 20150107 1200  0.02  0.20  0.70 2 5
 20150108 1200  0.00  0.01  0.00 2 5
 20150109 1200  0.00  0.02  0.00 2 5
 20150110 1200  0.04  0.38  1.40 2 5
 20150111 1200  0.98  3.23 13.90 2 5
 20150112 1200  0.00  0.01  0.00 2 5
 20150113 1200 -0.02  0.05  0.00 2 5
 20150114 1200  0.00  0.01  0.00 2 5
 20150115 1200  0.00  0.09  0.00 2 5
 20150116 1200  0.01  0.07  0.00 2 5
 20150117 1200  0.00  0.01  0.00 2 5
 20150118 1200  0.45  3.20  2.80 2 5
 20150119 1200 -0.02  0.02  0.00 2 5
 20150120 1200 -0.01  0.01  0.00 2 5
 20150121 1200  0.05  0.45  1.40 2 5
 20150122 1200 -0.01  0.01  0.00 2 5
 20150123 1200  0.99  4.31 12.50 2 5
 20150124 1200 -0.04  0.04  0.00 2 5
 20150125 1200 -0.02  0.02  0.00 2 5
 20150126 1200  0.12  0.58  4.90 2 5
 20150127 1200  0.00  0.02  0.00 2 5
 20150128 1200 -0.01  0.02  0.00 2 5
 20150129 1200 -0.02  0.02  0.00 2 5
 Time: 1200 10 May 2015 to 1200  1 Dec 2015 (index  3098 to  3303,  206 times)
 Depth (M):     -3.5  -3.5  -3.5 QUALITY and SOURCE
 YYYYMMDD HHMM  Prec StDev %Time Q S
 20150510 1200  0.00  0.29  0.70 2 5
 20150511 1200  0.07  0.79  4.20 2 5
 20150512 1200  0.08  0.28  2.10 2 5
 20150513 1200  0.04  0.36  1.40 2 5
 20150514 1200  0.08  0.76  2.10 2 5
 20150515 1200 -0.02  0.20  0.00 2 5
 20150516 1200  0.01  0.04  0.00 2 5
 20150517 1200  0.03  0.02  0.00 2 5
 20150518 1200  0.02  0.02  0.00 2 5
 20150519 1200 -0.01  0.11  0.00 2 5
 20150520 1200  0.03  0.10  0.00 2 5
 20150521 1200 -0.01  0.08  0.00 2 5
 20150522 1200 -0.02  0.10  0.00 2 5
 20150523 1200  0.00  0.17  0.00 2 5
 20150524 1200  0.28  1.36  7.80 2 5
 20150525 1200  0.04  0.22  0.00 2 5
 20150526 1200  0.00  0.19  0.00 2 5
 20150527 1200 -0.01  0.15  0.00 2 5
 20150528 1200  0.00  0.19  0.00 2 5
 20150529 1200 -0.02  0.19  1.40 2 5
 20150530 1200  0.13  0.95  1.40 2 5
 20150531 1200  0.03  0.44  4.20 2 5
 20150601 1200  0.00  0.13  0.00 2 5
 20150602 1200 -0.02  0.19  0.00 2 5
 20150603 1200 -0.02  0.27  2.10 2 5
 20150604 1200  0.00  0.16  0.00 2 5
 20150605 1200  0.01  0.18  0.70 2 5
 20150606 1200  0.05  0.51  2.10 2 5
 20150607 1200 -0.03  0.14  0.70 2 5
 20150608 1200  0.02  0.05  0.00 2 5
 20150609 1200  0.12  0.99  2.10 2 5
 20150610 1200  0.00  0.08  0.00 2 5
 20150611 1200  0.04  0.46  1.40 2 5
 20150612 1200  0.89  3.44 12.30 2 5
 20150613 1200  0.07  0.45  3.50 2 5
 20150614 1200  0.01  0.27  1.40 2 5
 20150615 1200  0.00  0.13  0.00 2 5
 20150616 1200  0.35  1.40 11.10 2 5
 20150617 1200  0.20  1.08  5.80 2 5
 20150618 1200  0.01  0.37  0.70 2 5
 20150619 1200  0.00  0.22  0.00 2 5
 20150620 1200 -0.02  0.24  0.70 2 5
 20150621 1200 -0.01  0.09  0.00 2 5
 20150622 1200 -0.01  0.18  0.00 2 5
 20150623 1200 -0.01  0.22  0.00 2 5
 20150624 1200  0.00  0.16  0.00 2 5
 20150625 1200  0.00  0.13  0.00 2 5
 20150626 1200 -0.01  0.10  0.00 2 5
 20150627 1200 -0.02  0.09  0.00 2 5
 20150628 1200  0.05  0.66  0.70 2 5
 20150629 1200  0.32  2.27  2.80 2 5
 20150630 1200 -0.01  0.07  0.00 2 5
 20150701 1200 -0.02  0.06  0.00 2 5
 20150702 1200  0.62  3.13 10.60 2 5
 20150703 1200  0.01  0.06  0.00 2 5
 20150704 1200  1.24  4.63 14.30 2 5
 20150705 1200  1.83  4.30 28.20 2 5
 20150706 1200  1.46  3.01 32.60 2 5
 20150707 1200  0.20  1.01  6.20 2 5
 20150708 1200  0.12  0.95  2.80 2 5
 20150709 1200  0.22  1.17  6.20 2 5
 20150710 1200  0.05  0.37  2.80 2 5
 20150711 1200 -0.03  0.03  0.00 2 5
 20150712 1200  0.45  3.34  3.50 2 5
 20150713 1200  0.08  0.57  4.20 2 5
 20150714 1200  0.15  1.29  2.10 2 5
 20150715 1200  0.41  1.72  8.30 2 5
 20150716 1200  0.37  2.06  6.20 2 5
 20150717 1200  0.04  0.38  2.10 2 5
 20150718 1200  0.15  0.88  3.50 2 5
 20150719 1200 -0.01  0.01  0.00 2 5
 20150720 1200 -0.01  0.01  0.00 2 5
 20150721 1200 -0.01  0.01  0.00 2 5
 20150722 1200 -0.01  0.01  0.00 2 5
 20150723 1200  0.00  0.01  0.00 2 5
 20150724 1200 -0.01  0.01  0.00 2 5
 20150725 1200 -0.01  0.01  0.00 2 5
 20150726 1200 -0.01  0.01  0.00 2 5
 20150727 1200  0.00  0.01  0.00 2 5
 20150728 1200  0.00  0.04  0.00 2 5
 20150729 1200  0.00  0.10  0.00 2 5
 20150730 1200  0.00  0.01  0.00 2 5
 20150731 1200 -0.01  0.01  0.00 2 5
 20150801 1200 -0.01  0.01  0.00 2 5
 20150802 1200  0.01  0.27  1.40 2 5
 20150803 1200  0.01  0.20  0.70 2 5
 20150804 1200 -0.01  0.08  0.00 2 5
 20150805 1200 -0.01  0.03  0.00 2 5
 20150806 1200  0.02  0.31  1.40 2 5
 20150807 1200 -0.02  0.02  0.00 2 5
 20150808 1200  0.05  0.41  1.40 2 5
 20150809 1200  1.85  5.72 21.50 2 5
 20150810 1200  0.22  0.56  8.30 2 5
 20150811 1200 -0.01  0.01  0.00 2 5
 20150812 1200  0.17  1.67  2.10 2 5
 20150813 1200 -0.02  0.02  0.00 2 5
 20150814 1200  0.00  0.10  0.00 2 5
 20150815 1200  1.06  3.77 11.80 2 5
 20150816 1200  0.04  0.24  1.50 2 5
 20150817 1200 -0.01  0.01  0.00 2 5
 20150818 1200  0.00  0.01  0.00 2 5
 20150819 1200  0.00  0.01  0.00 2 5
 20150820 1200  0.01  0.10  0.00 2 5
 20150821 1200  0.00  0.01  0.00 2 5
 20150822 1200 -0.01  0.01  0.00 2 5
 20150823 1200 -0.01  0.01  0.00 2 5
 20150824 1200  0.02  0.28  1.40 2 5
 20150825 1200  0.00  0.06  0.00 2 5
 20150826 1200 -0.01  0.01  0.00 2 5
 20150827 1200  1.84  6.82 13.90 2 5
 20150828 1200  0.70  2.60 13.50 2 5
 20150829 1200 -0.01  0.03  0.00 2 5
 20150830 1200  0.00  0.09  0.00 2 5
 20150831 1200  0.00  0.05  0.00 2 5
 20150901 1200  0.00  0.05  0.00 2 5
 20150902 1200 -0.01  0.01  0.00 2 5
 20150903 1200  0.56  2.33 10.40 2 5
 20150904 1200 -0.01  0.01  0.00 2 5
 20150905 1200  0.08  0.60  2.10 2 5
 20150906 1200 -0.01  0.02  0.00 2 5
 20150907 1200  0.05  0.33  1.40 2 5
 20150908 1200 -0.01  0.05  0.00 2 5
 20150909 1200 -0.02  0.04  0.00 2 5
 20150910 1200 -0.02  0.06  0.00 2 5
 20150911 1200 -0.01  0.15  0.70 2 5
 20150912 1200 -0.01  0.06  0.00 2 5
 20150913 1200  0.77  5.56  3.60 2 5
 20150914 1200  0.00  0.01  0.00 2 5
 20150915 1200  0.00  0.01  0.00 2 5
 20150916 1200  1.05  4.59  8.30 2 5
 20150917 1200  0.02  0.21  1.40 2 5
 20150918 1200 -0.01  0.01  0.00 2 5
 20150919 1200  0.00  0.01  0.00 2 5
 20150920 1200  0.00  0.01  0.00 2 5
 20150921 1200  0.03  0.39  1.40 2 5
 20150922 1200  0.03  0.36  0.70 2 5
 20150923 1200  1.10  5.37  7.70 2 5
 20150924 1200  0.03  0.38  1.40 2 5
 20150925 1200  0.65  2.13 12.50 2 5
 20150926 1200  0.51  1.91  9.00 2 5
 20150927 1200  0.28  2.61  1.40 2 5
 20150928 1200  0.30  1.57  8.30 2 5
 20150929 1200  0.00  0.03  0.00 2 5
 20150930 1200  0.00  0.05  0.00 2 5
 20151001 1200  0.00  0.01  0.00 2 5
 20151002 1200  0.00  0.01  0.00 2 5
 20151003 1200  0.00  0.01  0.00 2 5
 20151004 1200 -0.01  0.01  0.00 2 5
 20151005 1200  0.05  0.39  1.40 2 5
 20151006 1200  0.09  0.47  4.20 2 5
 20151007 1200  0.54  3.25  4.20 2 5
 20151008 1200  0.54  4.58  3.50 2 5
 20151009 1200 -0.01  0.01  0.00 2 5
 20151010 1200 -0.01  0.01  0.00 2 5
 20151011 1200 -0.01  0.01  0.00 2 5
 20151012 1200  0.00  0.01  0.00 2 5
 20151013 1200 -0.01  0.02  0.00 2 5
 20151014 1200  0.98  3.63 12.00 2 5
 20151015 1200  0.75  1.92 15.30 2 5
 20151016 1200  0.00  0.01  0.00 2 5
 20151017 1200 -0.01  0.02  0.00 2 5
 20151018 1200 -0.01  0.02  0.00 2 5
 20151019 1200  0.06  0.59  1.40 2 5
 20151020 1200  0.13  0.43  6.90 2 5
 20151021 1200  0.19  0.65  6.20 2 5
 20151022 1200  0.62  2.18  9.00 2 5
 20151023 1200  0.66  1.47 20.10 2 5
 20151024 1200  0.09  0.83  1.40 2 5
 20151025 1200  1.66  5.13 20.80 2 5
 20151026 1200  0.12  0.74  2.80 2 5
 20151027 1200  0.85  2.11 20.80 2 5
 20151028 1200  0.56  1.43 15.30 2 5
 20151029 1200 -0.01  0.02  0.00 2 5
 20151030 1200 -0.01  0.01  0.00 2 5
 20151031 1200  0.00  0.01  0.00 2 5
 20151101 1200  0.00  0.01  0.00 2 5
 20151102 1200  0.25  1.73  3.50 2 5
 20151103 1200  0.07  0.23  2.80 2 5
 20151104 1200  1.45  8.15 11.10 2 5
 20151105 1200  0.95  5.47  9.70 2 5
 20151106 1200  1.87  4.41 32.60 2 5
 20151107 1200  0.30  1.90  4.90 2 5
 20151108 1200 -0.01  0.01  0.00 2 5
 20151109 1200  0.08  0.36  3.50 2 5
 20151110 1200  0.26  0.73  9.70 2 5
 20151111 1200  0.16  1.25  3.50 2 5
 20151112 1200  0.71  2.71 16.00 2 5
 20151113 1200  0.11  0.67  2.80 2 5
 20151114 1200  0.24  0.81  6.90 2 5
 20151115 1200  0.06  0.42  2.10 2 5
 20151116 1200  0.28  1.53  3.50 2 5
 20151117 1200  0.00  0.01  0.00 2 5
 20151118 1200  0.57  3.27  4.30 2 5
 20151119 1200  1.25  4.98 13.90 2 5
 20151120 1200  0.11  0.32  3.50 2 5
 20151121 1200  0.00  0.01  0.00 2 5
 20151122 1200  0.00  0.01  0.00 2 5
 20151123 1200  0.00  0.04  0.00 2 5
 20151124 1200  0.03  0.28  1.40 2 5
 20151125 1200 -0.01  0.01  0.00 2 5
 20151126 1200  0.19  0.78  6.50 2 5
 20151127 1200  0.00  0.01  0.00 2 5
 20151128 1200  0.11  0.69  2.80 2 5
 20151129 1200  0.76  1.95 16.00 2 5
 20151130 1200  0.23  1.13  6.20 2 5
 20151201 1200 -0.05  4.90  4.00 2 1
 Time: 1200  9 Mar 2016 to 1200  9 Mar 2016 (index  3402 to  3402,    1 times)
 Depth (M):     -3.5  -3.5  -3.5 QUALITY and SOURCE
 YYYYMMDD HHMM  Prec StDev %Time Q S
 20160309 1200  1.56 10.25 13.20 3 5
 Time: 1200 26 Mar 2016 to 1200 20 Apr 2016 (index  3419 to  3444,   26 times)
 Depth (M):     -3.5  -3.5  -3.5 QUALITY and SOURCE
 YYYYMMDD HHMM  Prec StDev %Time Q S
 20160326 1200  0.42  1.60  6.60 2 5
 20160327 1200  0.01  0.12  0.00 2 5
 20160328 1200  0.02  0.19  0.70 2 5
 20160329 1200  0.00  0.14  0.00 2 5
 20160330 1200  0.28  2.23  2.80 2 5
 20160331 1200  0.01  0.17  0.00 2 5
 20160401 1200  0.00  0.17  0.00 2 5
 20160402 1200  0.32  2.55  2.80 2 5
 20160403 1200  0.06  0.40  1.40 2 5
 20160404 1200  0.01  0.18  0.70 2 5
 20160405 1200  0.01  0.09  0.00 2 5
 20160406 1200  1.99  9.41 13.90 2 5
 20160407 1200  0.13  1.09  2.10 2 5
 20160408 1200  0.00  0.03  0.00 2 5
 20160409 1200  0.90  4.16  9.00 2 5
 20160410 1200  0.34  1.78  4.90 2 5
 20160411 1200  0.39  1.37 11.10 2 5
 20160412 1200 -0.03  0.05  0.00 2 5
 20160413 1200 -0.01  0.12  0.00 2 5
 20160414 1200  0.31  2.48  2.80 2 5
 20160415 1200 -0.01  0.07  0.00 2 5
 20160416 1200  0.09  0.59  1.40 2 5
 20160417 1200  0.04  0.28  0.70 2 5
 20160418 1200  0.00  0.09  0.00 2 5
 20160419 1200  0.00  0.12  0.00 2 5
 20160420 1200  0.02  0.18  0.70 2 5
 Time: 1200  4 Jun 2018 to 1200 31 Jul 2018 (index  4219 to  4276,   58 times)
 Depth (M):     -3.5  -3.5  -3.5 QUALITY and SOURCE
 YYYYMMDD HHMM  Prec StDev %Time Q S
 20180604 1200 -9.99  0.74  2.00 0 1
 20180605 1200  0.00  0.64  1.00 2 1
 20180606 1200 -9.99  0.48  2.00 0 1
 20180607 1200  0.00  0.64  1.00 2 1
 20180608 1200  0.05  1.38  1.00 2 1
 20180609 1200  0.32  2.45  6.00 2 1
 20180610 1200  0.00  0.69  2.00 2 1
 20180611 1200  0.00  0.32  0.00 2 1
 20180612 1200  0.00  0.59  2.00 2 1
 20180613 1200 -9.99  0.48  1.00 0 1
 20180614 1200  0.00  0.32  1.00 2 1
 20180615 1200 -9.99  0.32  1.00 0 1
 20180616 1200  0.00  0.32  0.00 2 1
 20180617 1200  0.11 35.05  3.00 2 1
 20180618 1200  0.00  0.74  3.00 2 1
 20180619 1200  0.11  2.02  2.00 2 1
 20180620 1200  0.00  0.48  2.00 2 1
 20180621 1200  0.00  0.32  0.00 2 1
 20180622 1200  0.00  0.27  0.00 2 1
 20180623 1200  0.00  0.27  0.00 2 1
 20180624 1200  0.00  0.53  2.00 2 1
 20180625 1200  0.05  1.70  1.00 2 1
 20180626 1200  0.00  0.37  1.00 2 1
 20180627 1200  0.05  1.06  4.00 2 1
 20180628 1200  0.11  1.17  1.00 2 1
 20180629 1200  0.43  3.03  7.00 2 1
 20180630 1200  0.00  0.48  3.00 2 1
 20180701 1200  0.90  5.64  9.00 2 1
 20180702 1200  0.00  0.90  1.00 2 1
 20180703 1200  0.05  0.48  3.00 2 1
 20180704 1200  0.00  0.27  0.00 2 1
 20180705 1200  0.00  0.64  0.00 2 1
 20180706 1200  0.11  1.06  2.00 2 1
 20180707 1200  0.11  1.65  1.00 2 1
 20180708 1200  0.05  0.96  1.00 2 1
 20180709 1200  0.21  1.86  3.00 2 1
 20180710 1200  0.53  4.57  3.00 2 1
 20180711 1200  0.00  0.32  0.00 2 1
 20180712 1200 -9.99  0.32  1.00 0 1
 20180713 1200  0.27 12.34 11.00 2 1
 20180714 1200  0.05  1.97 13.00 2 1
 20180715 1200  0.05  1.60 17.00 2 1
 20180716 1200  0.11  2.55 19.00 2 1
 20180717 1200  0.00  3.03 20.00 2 1
 20180718 1200 -9.99  1.01  5.00 0 1
 20180719 1200  0.05  1.17 11.00 2 1
 20180720 1200 -9.99  0.96  7.00 0 1
 20180721 1200  0.00  0.74  8.00 2 1
 20180722 1200 -9.99  1.38 13.00 0 1
 20180723 1200 -9.99  1.17 18.00 0 1
 20180724 1200  0.00  1.28 12.00 2 1
 20180725 1200  0.21  6.70  9.00 2 1
 20180726 1200  0.37  1.49 13.00 2 1
 20180727 1200  0.00  0.53  3.00 2 1
 20180728 1200  0.05  1.44  1.00 2 1
 20180729 1200  0.48 24.89  7.00 2 1
 20180730 1200  0.00  0.32  0.00 2 1
 20180731 1200  0.00  0.64  0.00 2 1
