 Location:  4N  90E  16 Nov 2006 to 31 Jul 2018 ( 4276 times,  9 blocks) Gen. Date Feb 18 2025
 Units: Sea Surface Temperature (C), -9.99 = missing
 Time: 1200 16 Nov 2006 to 1200 22 Jul 2008 (index     1 to   615,  615 times)
 Depth (M):        1 QUALITY SOURCE
 YYYYMMDD HHMM   SST Q S
 20061116 1200 29.31 1 5
 20061117 1200 29.52 1 5
 20061118 1200 29.34 1 5
 20061119 1200 29.36 1 5
 20061120 1200 29.05 1 5
 20061121 1200 29.01 1 5
 20061122 1200 29.07 1 5
 20061123 1200 28.99 1 5
 20061124 1200 29.28 1 5
 20061125 1200 29.38 1 5
 20061126 1200 29.18 1 5
 20061127 1200 29.11 1 5
 20061128 1200 29.26 1 5
 20061129 1200 29.36 1 5
 20061130 1200 29.18 1 5
 20061201 1200 29.36 1 5
 20061202 1200 29.21 1 5
 20061203 1200 29.20 1 5
 20061204 1200 29.07 1 5
 20061205 1200 29.04 1 5
 20061206 1200 29.09 1 5
 20061207 1200 29.02 1 5
 20061208 1200 29.44 1 5
 20061209 1200 29.11 1 5
 20061210 1200 29.23 1 5
 20061211 1200 29.13 1 5
 20061212 1200 29.40 1 5
 20061213 1200 29.30 1 5
 20061214 1200 29.47 1 5
 20061215 1200 29.48 1 5
 20061216 1200 29.08 1 5
 20061217 1200 29.17 1 5
 20061218 1200 29.57 1 5
 20061219 1200 29.45 1 5
 20061220 1200 29.06 1 5
 20061221 1200 29.08 1 5
 20061222 1200 28.59 1 5
 20061223 1200 28.51 1 5
 20061224 1200 28.92 1 5
 20061225 1200 29.01 1 5
 20061226 1200 29.05 1 5
 20061227 1200 28.97 1 5
 20061228 1200 29.11 1 5
 20061229 1200 29.08 1 5
 20061230 1200 29.05 1 5
 20061231 1200 29.07 1 5
 20070101 1200 29.07 1 5
 20070102 1200 28.95 1 5
 20070103 1200 28.82 1 5
 20070104 1200 28.72 1 5
 20070105 1200 28.62 1 5
 20070106 1200 28.65 1 5
 20070107 1200 28.88 1 5
 20070108 1200 29.05 1 5
 20070109 1200 28.90 1 5
 20070110 1200 29.01 1 5
 20070111 1200 29.13 1 5
 20070112 1200 29.20 1 5
 20070113 1200 29.04 1 5
 20070114 1200 28.86 1 5
 20070115 1200 28.88 1 5
 20070116 1200 28.98 1 5
 20070117 1200 29.06 1 5
 20070118 1200 29.22 1 5
 20070119 1200 29.01 1 5
 20070120 1200 28.97 1 5
 20070121 1200 28.89 1 5
 20070122 1200 28.77 1 5
 20070123 1200 28.64 1 5
 20070124 1200 28.72 1 5
 20070125 1200 28.90 1 5
 20070126 1200 29.10 1 5
 20070127 1200 28.96 1 5
 20070128 1200 28.88 1 5
 20070129 1200 28.82 1 5
 20070130 1200 28.75 1 5
 20070131 1200 28.79 1 5
 20070201 1200 28.77 1 5
 20070202 1200 28.63 1 5
 20070203 1200 28.65 1 5
 20070204 1200 28.63 1 5
 20070205 1200 28.63 1 5
 20070206 1200 28.66 1 5
 20070207 1200 28.73 1 5
 20070208 1200 29.03 1 5
 20070209 1200 28.91 1 5
 20070210 1200 28.87 1 5
 20070211 1200 28.94 1 5
 20070212 1200 28.96 1 5
 20070213 1200 29.23 1 5
 20070214 1200 29.36 1 5
 20070215 1200 29.39 1 5
 20070216 1200 29.34 1 5
 20070217 1200 29.29 1 5
 20070218 1200 29.35 1 5
 20070219 1200 29.26 1 5
 20070220 1200 29.19 1 5
 20070221 1200 28.94 1 5
 20070222 1200 28.79 1 5
 20070223 1200 28.89 1 5
 20070224 1200 29.30 1 5
 20070225 1200 29.37 1 5
 20070226 1200 29.45 1 5
 20070227 1200 29.18 1 5
 20070228 1200 28.85 1 5
 20070301 1200 28.82 1 5
 20070302 1200 29.45 1 5
 20070303 1200 29.15 1 5
 20070304 1200 28.91 1 5
 20070305 1200 28.95 1 5
 20070306 1200 28.87 1 5
 20070307 1200 28.91 1 5
 20070308 1200 28.97 1 5
 20070309 1200 29.24 1 5
 20070310 1200 29.72 1 5
 20070311 1200 29.66 1 5
 20070312 1200 29.84 1 5
 20070313 1200 29.59 1 5
 20070314 1200 30.04 1 5
 20070315 1200 30.01 1 5
 20070316 1200 30.04 1 5
 20070317 1200 29.85 1 5
 20070318 1200 29.86 1 5
 20070319 1200 29.83 1 5
 20070320 1200 29.85 1 5
 20070321 1200 29.90 1 5
 20070322 1200 29.86 1 5
 20070323 1200 30.05 1 5
 20070324 1200 29.92 1 5
 20070325 1200 30.00 1 5
 20070326 1200 30.31 1 5
 20070327 1200 30.43 1 5
 20070328 1200 30.44 1 5
 20070329 1200 30.30 1 5
 20070330 1200 30.54 1 5
 20070331 1200 30.61 1 5
 20070401 1200 30.68 1 5
 20070402 1200 30.87 1 5
 20070403 1200 30.50 1 5
 20070404 1200 30.42 1 5
 20070405 1200 30.22 1 5
 20070406 1200 29.96 1 5
 20070407 1200 29.87 1 5
 20070408 1200 30.19 1 5
 20070409 1200 30.19 1 5
 20070410 1200 30.27 1 5
 20070411 1200 30.08 1 5
 20070412 1200 30.28 1 5
 20070413 1200 30.05 1 5
 20070414 1200 30.46 1 5
 20070415 1200 30.08 1 5
 20070416 1200 30.48 1 5
 20070417 1200 30.75 1 5
 20070418 1200 30.46 1 5
 20070419 1200 30.46 1 5
 20070420 1200 30.58 1 5
 20070421 1200 30.76 1 5
 20070422 1200 30.31 1 5
 20070423 1200 30.23 1 5
 20070424 1200 30.16 1 5
 20070425 1200 29.92 1 5
 20070426 1200 30.09 1 5
 20070427 1200 29.97 1 5
 20070428 1200 29.83 1 5
 20070429 1200 29.81 1 5
 20070430 1200 29.76 1 5
 20070501 1200 29.90 1 5
 20070502 1200 29.85 1 5
 20070503 1200 29.77 1 5
 20070504 1200 29.77 1 5
 20070505 1200 29.72 1 5
 20070506 1200 29.74 1 5
 20070507 1200 29.74 1 5
 20070508 1200 29.79 1 5
 20070509 1200 29.73 1 5
 20070510 1200 29.67 1 5
 20070511 1200 29.70 1 5
 20070512 1200 29.61 1 5
 20070513 1200 29.65 1 5
 20070514 1200 29.65 1 5
 20070515 1200 29.66 1 5
 20070516 1200 29.72 1 5
 20070517 1200 29.66 1 5
 20070518 1200 29.64 1 5
 20070519 1200 29.92 1 5
 20070520 1200 29.68 1 5
 20070521 1200 29.66 1 5
 20070522 1200 29.84 1 5
 20070523 1200 30.08 1 5
 20070524 1200 30.56 1 5
 20070525 1200 30.41 1 5
 20070526 1200 30.52 1 5
 20070527 1200 30.47 1 5
 20070528 1200 30.52 1 5
 20070529 1200 30.13 1 5
 20070530 1200 29.86 1 5
 20070531 1200 29.89 1 5
 20070601 1200 29.84 1 5
 20070602 1200 29.97 1 5
 20070603 1200 29.71 1 5
 20070604 1200 29.78 1 5
 20070605 1200 29.76 1 5
 20070606 1200 29.67 1 5
 20070607 1200 29.81 1 5
 20070608 1200 29.76 1 5
 20070609 1200 29.93 1 5
 20070610 1200 29.88 1 5
 20070611 1200 29.75 1 5
 20070612 1200 29.73 1 5
 20070613 1200 29.76 1 5
 20070614 1200 29.64 1 5
 20070615 1200 29.47 1 5
 20070616 1200 29.40 1 5
 20070617 1200 29.33 1 5
 20070618 1200 29.08 1 5
 20070619 1200 29.01 1 5
 20070620 1200 29.06 1 5
 20070621 1200 29.07 1 5
 20070622 1200 29.21 1 5
 20070623 1200 29.29 1 5
 20070624 1200 29.45 1 5
 20070625 1200 29.33 1 5
 20070626 1200 29.17 1 5
 20070627 1200 29.08 1 5
 20070628 1200 29.03 1 5
 20070629 1200 29.07 1 5
 20070630 1200 29.09 1 5
 20070701 1200 29.09 1 5
 20070702 1200 29.15 1 5
 20070703 1200 29.17 1 5
 20070704 1200 29.26 1 5
 20070705 1200 29.25 1 5
 20070706 1200 29.21 1 5
 20070707 1200 29.17 1 5
 20070708 1200 29.15 1 5
 20070709 1200 29.19 1 5
 20070710 1200 29.16 1 5
 20070711 1200 29.22 1 5
 20070712 1200 29.17 1 5
 20070713 1200 29.15 1 5
 20070714 1200 29.15 1 5
 20070715 1200 29.06 1 5
 20070716 1200 29.08 1 5
 20070717 1200 29.07 1 5
 20070718 1200 29.01 1 5
 20070719 1200 28.95 1 5
 20070720 1200 28.87 1 5
 20070721 1200 28.81 1 5
 20070722 1200 28.80 1 5
 20070723 1200 28.75 1 5
 20070724 1200 28.71 1 5
 20070725 1200 28.98 1 5
 20070726 1200 29.14 1 5
 20070727 1200 29.00 1 5
 20070728 1200 29.12 1 5
 20070729 1200 28.95 1 5
 20070730 1200 28.83 1 5
 20070731 1200 28.84 1 5
 20070801 1200 28.91 1 5
 20070802 1200 29.01 1 5
 20070803 1200 28.92 1 5
 20070804 1200 28.83 1 5
 20070805 1200 28.80 1 5
 20070806 1200 28.91 1 5
 20070807 1200 28.88 1 5
 20070808 1200 28.83 1 5
 20070809 1200 28.83 1 5
 20070810 1200 28.80 1 5
 20070811 1200 28.76 1 5
 20070812 1200 28.68 1 5
 20070813 1200 28.60 1 5
 20070814 1200 28.72 1 5
 20070815 1200 28.66 1 5
 20070816 1200 28.68 1 5
 20070817 1200 28.62 1 5
 20070818 1200 28.62 1 5
 20070819 1200 28.56 1 5
 20070820 1200 28.51 1 5
 20070821 1200 28.52 1 5
 20070822 1200 28.53 1 5
 20070823 1200 28.56 1 5
 20070824 1200 28.56 1 5
 20070825 1200 28.96 1 5
 20070826 1200 28.94 1 5
 20070827 1200 29.06 1 5
 20070828 1200 28.95 1 5
 20070829 1200 28.93 1 5
 20070830 1200 28.85 1 5
 20070831 1200 28.68 1 5
 20070901 1200 28.62 1 5
 20070902 1200 28.59 1 5
 20070903 1200 28.59 1 5
 20070904 1200 28.70 1 5
 20070905 1200 28.90 1 5
 20070906 1200 28.76 1 5
 20070907 1200 28.70 1 5
 20070908 1200 28.61 1 5
 20070909 1200 28.78 1 5
 20070910 1200 28.91 1 5
 20070911 1200 28.82 1 5
 20070912 1200 28.93 1 5
 20070913 1200 28.78 1 5
 20070914 1200 28.78 1 5
 20070915 1200 28.68 1 5
 20070916 1200 28.66 1 5
 20070917 1200 28.69 1 5
 20070918 1200 28.66 1 5
 20070919 1200 28.59 1 5
 20070920 1200 28.67 1 5
 20070921 1200 28.76 1 5
 20070922 1200 28.72 1 5
 20070923 1200 28.69 1 5
 20070924 1200 28.85 1 5
 20070925 1200 28.85 1 5
 20070926 1200 28.88 1 5
 20070927 1200 28.95 1 5
 20070928 1200 28.96 1 5
 20070929 1200 28.91 1 5
 20070930 1200 28.75 1 5
 20071001 1200 28.69 1 5
 20071002 1200 28.63 1 5
 20071003 1200 28.59 1 5
 20071004 1200 28.53 1 5
 20071005 1200 28.44 1 5
 20071006 1200 28.37 1 5
 20071007 1200 -9.99 0 0
 20071008 1200 28.90 4 5
 20071009 1200 28.77 4 5
 20071010 1200 28.62 4 5
 20071011 1200 28.99 4 5
 20071012 1200 29.11 4 5
 20071013 1200 28.51 4 5
 20071014 1200 28.37 4 5
 20071015 1200 28.41 4 5
 20071016 1200 28.54 4 5
 20071017 1200 28.45 4 5
 20071018 1200 28.69 4 5
 20071019 1200 28.48 4 5
 20071020 1200 28.43 4 5
 20071021 1200 28.32 4 5
 20071022 1200 28.25 4 5
 20071023 1200 28.21 4 5
 20071024 1200 28.09 4 5
 20071025 1200 28.07 4 5
 20071026 1200 28.08 4 5
 20071027 1200 28.08 4 5
 20071028 1200 28.17 4 5
 20071029 1200 28.18 4 5
 20071030 1200 28.33 4 5
 20071031 1200 28.23 4 5
 20071101 1200 28.32 4 5
 20071102 1200 27.99 4 5
 20071103 1200 28.03 4 5
 20071104 1200 28.46 4 5
 20071105 1200 28.51 4 5
 20071106 1200 28.32 4 5
 20071107 1200 28.10 4 5
 20071108 1200 27.99 4 5
 20071109 1200 27.93 4 5
 20071110 1200 27.90 4 5
 20071111 1200 27.96 4 5
 20071112 1200 28.08 4 5
 20071113 1200 28.10 4 5
 20071114 1200 28.34 4 5
 20071115 1200 28.79 4 5
 20071116 1200 28.64 4 5
 20071117 1200 28.60 4 5
 20071118 1200 28.87 4 5
 20071119 1200 28.71 4 5
 20071120 1200 28.55 4 5
 20071121 1200 28.54 4 5
 20071122 1200 28.80 4 5
 20071123 1200 28.94 4 5
 20071124 1200 28.95 4 5
 20071125 1200 29.13 4 5
 20071126 1200 29.15 4 5
 20071127 1200 29.06 4 5
 20071128 1200 28.93 4 5
 20071129 1200 29.13 4 5
 20071130 1200 29.15 4 5
 20071201 1200 28.93 4 5
 20071202 1200 28.74 4 5
 20071203 1200 28.38 4 5
 20071204 1200 28.20 4 5
 20071205 1200 28.18 4 5
 20071206 1200 28.24 4 5
 20071207 1200 28.28 4 5
 20071208 1200 28.45 4 5
 20071209 1200 28.40 4 5
 20071210 1200 28.41 4 5
 20071211 1200 28.39 4 5
 20071212 1200 28.41 4 5
 20071213 1200 28.63 4 5
 20071214 1200 28.36 4 5
 20071215 1200 28.04 4 5
 20071216 1200 28.42 4 5
 20071217 1200 28.61 4 5
 20071218 1200 28.61 4 5
 20071219 1200 28.83 4 5
 20071220 1200 28.62 4 5
 20071221 1200 28.86 4 5
 20071222 1200 29.01 4 5
 20071223 1200 29.13 4 5
 20071224 1200 28.48 4 5
 20071225 1200 28.57 4 5
 20071226 1200 28.34 4 5
 20071227 1200 28.45 4 5
 20071228 1200 28.38 4 5
 20071229 1200 28.38 4 5
 20071230 1200 28.43 4 5
 20071231 1200 28.44 4 5
 20080101 1200 28.50 4 5
 20080102 1200 28.44 4 5
 20080103 1200 28.61 4 5
 20080104 1200 28.66 4 5
 20080105 1200 28.80 4 5
 20080106 1200 29.06 4 5
 20080107 1200 29.29 4 5
 20080108 1200 29.14 4 5
 20080109 1200 29.22 4 5
 20080110 1200 29.37 4 5
 20080111 1200 29.38 4 5
 20080112 1200 29.76 4 5
 20080113 1200 29.55 4 5
 20080114 1200 29.39 4 5
 20080115 1200 29.21 4 5
 20080116 1200 29.00 4 5
 20080117 1200 28.92 4 5
 20080118 1200 29.11 4 5
 20080119 1200 29.25 4 5
 20080120 1200 29.68 4 5
 20080121 1200 29.42 4 5
 20080122 1200 29.22 4 5
 20080123 1200 29.16 4 5
 20080124 1200 29.40 4 5
 20080125 1200 29.54 4 5
 20080126 1200 29.29 4 5
 20080127 1200 29.36 4 5
 20080128 1200 29.23 4 5
 20080129 1200 29.29 4 5
 20080130 1200 29.25 4 5
 20080131 1200 29.27 4 5
 20080201 1200 29.40 4 5
 20080202 1200 29.25 4 5
 20080203 1200 29.33 4 5
 20080204 1200 29.28 4 5
 20080205 1200 29.16 4 5
 20080206 1200 29.34 4 5
 20080207 1200 29.57 4 5
 20080208 1200 29.29 4 5
 20080209 1200 29.30 4 5
 20080210 1200 29.20 4 5
 20080211 1200 28.97 4 5
 20080212 1200 28.84 4 5
 20080213 1200 29.00 4 5
 20080214 1200 28.87 4 5
 20080215 1200 28.79 4 5
 20080216 1200 28.79 4 5
 20080217 1200 28.64 4 5
 20080218 1200 28.75 4 5
 20080219 1200 29.14 4 5
 20080220 1200 29.43 4 5
 20080221 1200 29.28 4 5
 20080222 1200 28.75 4 5
 20080223 1200 28.82 4 5
 20080224 1200 29.13 4 5
 20080225 1200 29.24 4 5
 20080226 1200 29.51 4 5
 20080227 1200 29.50 4 5
 20080228 1200 29.61 4 5
 20080229 1200 29.62 4 5
 20080301 1200 29.76 4 5
 20080302 1200 29.68 4 5
 20080303 1200 29.49 4 5
 20080304 1200 29.51 4 5
 20080305 1200 29.39 4 5
 20080306 1200 29.14 4 5
 20080307 1200 29.14 4 5
 20080308 1200 29.03 4 5
 20080309 1200 28.88 4 5
 20080310 1200 29.00 4 5
 20080311 1200 29.14 4 5
 20080312 1200 29.10 4 5
 20080313 1200 29.01 4 5
 20080314 1200 28.85 4 5
 20080315 1200 28.92 4 5
 20080316 1200 28.97 4 5
 20080317 1200 28.95 4 5
 20080318 1200 28.74 4 5
 20080319 1200 28.87 4 5
 20080320 1200 29.48 4 5
 20080321 1200 29.52 4 5
 20080322 1200 29.64 4 5
 20080323 1200 29.56 4 5
 20080324 1200 29.39 4 5
 20080325 1200 29.21 4 5
 20080326 1200 29.08 4 5
 20080327 1200 29.23 4 5
 20080328 1200 29.18 4 5
 20080329 1200 29.16 4 5
 20080330 1200 29.00 4 5
 20080331 1200 28.80 4 5
 20080401 1200 29.24 4 5
 20080402 1200 29.23 4 5
 20080403 1200 29.57 4 5
 20080404 1200 29.85 4 5
 20080405 1200 29.78 4 5
 20080406 1200 29.46 4 5
 20080407 1200 29.64 4 5
 20080408 1200 29.62 4 5
 20080409 1200 29.55 4 5
 20080410 1200 29.77 4 5
 20080411 1200 29.45 4 5
 20080412 1200 29.47 4 5
 20080413 1200 29.51 4 5
 20080414 1200 29.39 4 5
 20080415 1200 29.49 4 5
 20080416 1200 29.44 4 5
 20080417 1200 29.72 4 5
 20080418 1200 29.67 4 5
 20080419 1200 29.63 4 5
 20080420 1200 29.50 4 5
 20080421 1200 29.42 4 5
 20080422 1200 29.39 4 5
 20080423 1200 29.10 4 5
 20080424 1200 29.23 4 5
 20080425 1200 29.43 4 5
 20080426 1200 29.33 4 5
 20080427 1200 29.28 4 5
 20080428 1200 29.21 4 5
 20080429 1200 29.20 4 5
 20080430 1200 29.22 4 5
 20080501 1200 29.29 4 5
 20080502 1200 29.34 4 5
 20080503 1200 29.32 4 5
 20080504 1200 29.37 4 5
 20080505 1200 29.53 4 5
 20080506 1200 29.58 4 5
 20080507 1200 29.49 4 5
 20080508 1200 29.42 4 5
 20080509 1200 29.24 4 5
 20080510 1200 29.31 4 5
 20080511 1200 29.22 4 5
 20080512 1200 29.22 4 5
 20080513 1200 29.28 4 5
 20080514 1200 29.24 4 5
 20080515 1200 29.36 4 5
 20080516 1200 29.35 4 5
 20080517 1200 29.38 4 5
 20080518 1200 29.41 4 5
 20080519 1200 29.30 4 5
 20080520 1200 29.33 4 5
 20080521 1200 29.50 4 5
 20080522 1200 29.85 4 5
 20080523 1200 29.63 4 5
 20080524 1200 29.32 4 5
 20080525 1200 29.30 4 5
 20080526 1200 29.46 4 5
 20080527 1200 29.58 4 5
 20080528 1200 29.87 4 5
 20080529 1200 29.75 4 5
 20080530 1200 29.60 4 5
 20080531 1200 29.46 4 5
 20080601 1200 29.18 4 5
 20080602 1200 29.11 4 5
 20080603 1200 29.07 4 5
 20080604 1200 29.44 4 5
 20080605 1200 29.25 4 5
 20080606 1200 29.09 4 5
 20080607 1200 29.09 4 5
 20080608 1200 29.22 4 5
 20080609 1200 28.86 4 5
 20080610 1200 28.86 4 5
 20080611 1200 28.77 4 5
 20080612 1200 28.88 4 5
 20080613 1200 28.86 4 5
 20080614 1200 28.87 4 5
 20080615 1200 28.91 4 5
 20080616 1200 29.17 4 5
 20080617 1200 29.42 4 5
 20080618 1200 29.22 4 5
 20080619 1200 29.25 4 5
 20080620 1200 29.65 4 5
 20080621 1200 29.27 4 5
 20080622 1200 28.91 4 5
 20080623 1200 28.96 4 5
 20080624 1200 28.97 4 5
 20080625 1200 28.98 4 5
 20080626 1200 28.99 4 5
 20080627 1200 29.09 4 5
 20080628 1200 29.36 4 5
 20080629 1200 29.33 4 5
 20080630 1200 29.24 4 5
 20080701 1200 29.25 4 5
 20080702 1200 29.18 4 5
 20080703 1200 29.13 4 5
 20080704 1200 29.10 4 5
 20080705 1200 29.11 4 5
 20080706 1200 29.10 4 5
 20080707 1200 29.12 4 5
 20080708 1200 29.02 4 5
 20080709 1200 29.00 4 5
 20080710 1200 28.98 4 5
 20080711 1200 29.50 4 5
 20080712 1200 29.16 4 5
 20080713 1200 29.14 4 5
 20080714 1200 29.05 4 5
 20080715 1200 28.92 4 5
 20080716 1200 28.66 4 5
 20080717 1200 28.68 4 5
 20080718 1200 28.62 4 5
 20080719 1200 28.45 4 5
 20080720 1200 28.46 4 5
 20080721 1200 28.53 4 5
 20080722 1200 28.54 4 5
 Time: 1200  4 Jul 2010 to 1200 11 Feb 2013 (index  1327 to  2280,  954 times)
 Depth (M):        1 QUALITY SOURCE
 YYYYMMDD HHMM   SST Q S
 20100704 1200 29.56 1 5
 20100705 1200 29.64 1 5
 20100706 1200 29.53 1 5
 20100707 1200 29.54 1 5
 20100708 1200 29.44 1 5
 20100709 1200 29.49 1 5
 20100710 1200 29.45 1 5
 20100711 1200 29.46 1 5
 20100712 1200 29.84 1 5
 20100713 1200 29.57 1 5
 20100714 1200 29.30 1 5
 20100715 1200 29.20 1 5
 20100716 1200 29.16 1 5
 20100717 1200 29.16 1 5
 20100718 1200 29.15 1 5
 20100719 1200 29.12 1 5
 20100720 1200 29.12 1 5
 20100721 1200 29.18 1 5
 20100722 1200 29.20 1 5
 20100723 1200 29.09 1 5
 20100724 1200 29.10 1 5
 20100725 1200 29.05 1 5
 20100726 1200 29.12 1 5
 20100727 1200 28.99 1 5
 20100728 1200 28.88 1 5
 20100729 1200 28.92 1 5
 20100730 1200 28.86 1 5
 20100731 1200 28.90 1 5
 20100801 1200 28.88 1 5
 20100802 1200 28.89 1 5
 20100803 1200 28.82 1 5
 20100804 1200 28.86 1 5
 20100805 1200 28.95 1 5
 20100806 1200 28.89 1 5
 20100807 1200 28.90 1 5
 20100808 1200 28.92 1 5
 20100809 1200 28.95 1 5
 20100810 1200 28.91 1 5
 20100811 1200 28.90 1 5
 20100812 1200 28.86 1 5
 20100813 1200 28.89 1 5
 20100814 1200 28.80 1 5
 20100815 1200 28.68 1 5
 20100816 1200 28.68 1 5
 20100817 1200 28.71 1 5
 20100818 1200 28.71 1 5
 20100819 1200 28.59 1 5
 20100820 1200 28.42 1 5
 20100821 1200 28.41 1 5
 20100822 1200 28.37 1 5
 20100823 1200 28.48 1 5
 20100824 1200 28.62 1 5
 20100825 1200 28.63 1 5
 20100826 1200 28.67 1 5
 20100827 1200 28.71 1 5
 20100828 1200 28.69 1 5
 20100829 1200 28.76 1 5
 20100830 1200 28.85 1 5
 20100831 1200 28.83 1 5
 20100901 1200 28.82 1 5
 20100902 1200 28.72 1 5
 20100903 1200 28.63 1 5
 20100904 1200 28.53 1 5
 20100905 1200 28.70 1 5
 20100906 1200 28.78 1 5
 20100907 1200 28.84 1 5
 20100908 1200 28.86 1 5
 20100909 1200 29.03 1 5
 20100910 1200 28.76 1 5
 20100911 1200 28.87 1 5
 20100912 1200 28.94 1 5
 20100913 1200 28.98 1 5
 20100914 1200 28.82 1 5
 20100915 1200 28.78 1 5
 20100916 1200 28.76 1 5
 20100917 1200 28.76 1 5
 20100918 1200 28.77 1 5
 20100919 1200 28.73 1 5
 20100920 1200 28.73 1 5
 20100921 1200 28.67 1 5
 20100922 1200 28.58 1 5
 20100923 1200 28.61 1 5
 20100924 1200 28.56 1 5
 20100925 1200 28.55 1 5
 20100926 1200 28.50 1 5
 20100927 1200 28.59 1 5
 20100928 1200 28.52 1 5
 20100929 1200 28.49 1 5
 20100930 1200 28.48 1 5
 20101001 1200 28.65 1 5
 20101002 1200 28.59 1 5
 20101003 1200 28.45 1 5
 20101004 1200 28.46 1 5
 20101005 1200 28.42 1 5
 20101006 1200 28.55 1 5
 20101007 1200 28.59 1 5
 20101008 1200 28.62 1 5
 20101009 1200 28.61 1 5
 20101010 1200 28.58 1 5
 20101011 1200 28.52 1 5
 20101012 1200 28.53 1 5
 20101013 1200 28.57 1 5
 20101014 1200 28.53 1 5
 20101015 1200 28.59 1 5
 20101016 1200 28.52 1 5
 20101017 1200 28.55 1 5
 20101018 1200 28.62 1 5
 20101019 1200 28.67 1 5
 20101020 1200 28.76 1 5
 20101021 1200 28.72 1 5
 20101022 1200 28.66 1 5
 20101023 1200 28.66 1 5
 20101024 1200 28.69 1 5
 20101025 1200 28.86 1 5
 20101026 1200 28.87 1 5
 20101027 1200 28.85 1 5
 20101028 1200 28.89 1 5
 20101029 1200 28.75 1 5
 20101030 1200 28.65 1 5
 20101031 1200 28.66 1 5
 20101101 1200 28.69 1 5
 20101102 1200 28.71 1 5
 20101103 1200 28.61 1 5
 20101104 1200 28.54 1 5
 20101105 1200 28.55 1 5
 20101106 1200 28.58 1 5
 20101107 1200 28.65 1 5
 20101108 1200 28.49 1 5
 20101109 1200 28.55 1 5
 20101110 1200 28.26 1 5
 20101111 1200 28.35 1 5
 20101112 1200 28.34 1 5
 20101113 1200 28.63 1 5
 20101114 1200 28.54 1 5
 20101115 1200 28.61 1 5
 20101116 1200 28.61 1 5
 20101117 1200 28.80 1 5
 20101118 1200 28.83 1 5
 20101119 1200 28.64 1 5
 20101120 1200 28.77 1 5
 20101121 1200 28.86 1 5
 20101122 1200 28.57 1 5
 20101123 1200 28.45 1 5
 20101124 1200 28.31 1 5
 20101125 1200 28.29 1 5
 20101126 1200 28.27 1 5
 20101127 1200 28.27 1 5
 20101128 1200 28.30 1 5
 20101129 1200 28.31 1 5
 20101130 1200 28.37 1 5
 20101201 1200 28.44 1 5
 20101202 1200 28.24 1 5
 20101203 1200 28.29 1 5
 20101204 1200 28.15 1 5
 20101205 1200 28.08 1 5
 20101206 1200 27.98 1 5
 20101207 1200 27.99 1 5
 20101208 1200 28.43 1 5
 20101209 1200 28.53 1 5
 20101210 1200 28.47 1 5
 20101211 1200 28.33 1 5
 20101212 1200 28.26 1 5
 20101213 1200 28.32 1 5
 20101214 1200 28.46 1 5
 20101215 1200 28.45 1 5
 20101216 1200 28.47 1 5
 20101217 1200 28.62 1 5
 20101218 1200 28.75 1 5
 20101219 1200 28.68 1 5
 20101220 1200 28.54 1 5
 20101221 1200 28.68 1 5
 20101222 1200 28.70 1 5
 20101223 1200 28.72 1 5
 20101224 1200 28.68 1 5
 20101225 1200 28.56 1 5
 20101226 1200 28.67 1 5
 20101227 1200 28.79 1 5
 20101228 1200 28.90 1 5
 20101229 1200 28.90 1 5
 20101230 1200 29.11 1 5
 20101231 1200 28.92 1 5
 20110101 1200 29.11 1 5
 20110102 1200 29.16 1 5
 20110103 1200 28.92 1 5
 20110104 1200 28.81 1 5
 20110105 1200 28.56 1 5
 20110106 1200 28.70 1 5
 20110107 1200 28.64 1 5
 20110108 1200 28.77 1 5
 20110109 1200 28.66 1 5
 20110110 1200 28.65 1 5
 20110111 1200 28.52 1 5
 20110112 1200 28.56 1 5
 20110113 1200 28.62 1 5
 20110114 1200 28.93 1 5
 20110115 1200 29.01 1 5
 20110116 1200 29.00 1 5
 20110117 1200 29.01 1 5
 20110118 1200 29.01 1 5
 20110119 1200 28.87 1 5
 20110120 1200 28.70 1 5
 20110121 1200 28.89 1 5
 20110122 1200 28.72 1 5
 20110123 1200 28.77 1 5
 20110124 1200 28.73 1 5
 20110125 1200 28.85 1 5
 20110126 1200 28.94 1 5
 20110127 1200 29.30 1 5
 20110128 1200 29.18 1 5
 20110129 1200 29.24 1 5
 20110130 1200 29.30 1 5
 20110131 1200 29.07 1 5
 20110201 1200 29.24 1 5
 20110202 1200 28.93 1 5
 20110203 1200 29.11 1 5
 20110204 1200 29.70 1 5
 20110205 1200 29.33 1 5
 20110206 1200 29.27 1 5
 20110207 1200 29.21 1 5
 20110208 1200 29.47 1 5
 20110209 1200 29.29 1 5
 20110210 1200 28.49 1 5
 20110211 1200 28.82 1 5
 20110212 1200 28.96 1 5
 20110213 1200 28.94 1 5
 20110214 1200 28.82 1 5
 20110215 1200 29.17 1 5
 20110216 1200 29.16 1 5
 20110217 1200 29.20 1 5
 20110218 1200 29.30 1 5
 20110219 1200 29.61 1 5
 20110220 1200 29.55 1 5
 20110221 1200 29.08 1 5
 20110222 1200 29.11 1 5
 20110223 1200 28.87 1 5
 20110224 1200 28.80 1 5
 20110225 1200 28.72 1 5
 20110226 1200 28.48 1 5
 20110227 1200 28.65 1 5
 20110228 1200 29.63 1 5
 20110301 1200 29.50 1 5
 20110302 1200 29.67 1 5
 20110303 1200 29.53 1 5
 20110304 1200 29.64 1 5
 20110305 1200 29.56 1 5
 20110306 1200 29.75 1 5
 20110307 1200 29.79 1 5
 20110308 1200 29.29 1 5
 20110309 1200 29.06 1 5
 20110310 1200 29.09 1 5
 20110311 1200 29.58 1 5
 20110312 1200 29.82 1 5
 20110313 1200 30.09 1 5
 20110314 1200 29.97 1 5
 20110315 1200 29.97 1 5
 20110316 1200 29.80 1 5
 20110317 1200 29.75 1 5
 20110318 1200 29.76 1 5
 20110319 1200 29.89 1 5
 20110320 1200 30.13 1 5
 20110321 1200 30.04 1 5
 20110322 1200 29.99 1 5
 20110323 1200 30.18 1 5
 20110324 1200 29.88 1 5
 20110325 1200 29.64 1 5
 20110326 1200 29.47 1 5
 20110327 1200 29.47 1 5
 20110328 1200 29.42 1 5
 20110329 1200 29.25 1 5
 20110330 1200 29.27 1 5
 20110331 1200 29.23 1 5
 20110401 1200 29.44 1 5
 20110402 1200 29.34 1 5
 20110403 1200 29.38 1 5
 20110404 1200 29.49 1 5
 20110405 1200 29.98 1 5
 20110406 1200 29.91 1 5
 20110407 1200 30.06 1 5
 20110408 1200 29.96 1 5
 20110409 1200 30.27 1 5
 20110410 1200 30.36 1 5
 20110411 1200 30.08 1 5
 20110412 1200 29.69 1 5
 20110413 1200 29.58 1 5
 20110414 1200 29.45 1 5
 20110415 1200 29.60 1 5
 20110416 1200 30.02 1 5
 20110417 1200 29.86 1 5
 20110418 1200 29.58 1 5
 20110419 1200 29.57 1 5
 20110420 1200 29.67 1 5
 20110421 1200 29.85 1 5
 20110422 1200 30.17 1 5
 20110423 1200 30.11 1 5
 20110424 1200 29.74 1 5
 20110425 1200 29.81 1 5
 20110426 1200 29.89 1 5
 20110427 1200 29.89 1 5
 20110428 1200 29.71 1 5
 20110429 1200 29.63 1 5
 20110430 1200 29.43 1 5
 20110501 1200 29.49 1 5
 20110502 1200 29.54 1 5
 20110503 1200 29.53 1 5
 20110504 1200 29.45 1 5
 20110505 1200 29.35 1 5
 20110506 1200 29.23 1 5
 20110507 1200 29.07 1 5
 20110508 1200 29.01 1 5
 20110509 1200 28.88 1 5
 20110510 1200 28.94 1 5
 20110511 1200 29.22 1 5
 20110512 1200 29.20 1 5
 20110513 1200 29.45 1 5
 20110514 1200 29.71 1 5
 20110515 1200 29.80 1 5
 20110516 1200 29.92 1 5
 20110517 1200 29.66 1 5
 20110518 1200 29.83 1 5
 20110519 1200 29.62 1 5
 20110520 1200 29.70 1 5
 20110521 1200 29.86 1 5
 20110522 1200 30.27 1 5
 20110523 1200 30.30 1 5
 20110524 1200 30.06 1 5
 20110525 1200 29.98 1 5
 20110526 1200 29.88 1 5
 20110527 1200 29.63 1 5
 20110528 1200 29.48 1 5
 20110529 1200 29.46 1 5
 20110530 1200 29.39 1 5
 20110531 1200 29.45 1 5
 20110601 1200 29.38 1 5
 20110602 1200 29.40 1 5
 20110603 1200 29.40 1 5
 20110604 1200 29.39 1 5
 20110605 1200 -9.99 0 0
 20110606 1200 29.37 1 5
 20110607 1200 29.37 1 5
 20110608 1200 29.37 1 5
 20110609 1200 29.33 1 5
 20110610 1200 29.31 1 5
 20110611 1200 29.32 1 5
 20110612 1200 29.34 1 5
 20110613 1200 29.29 1 5
 20110614 1200 29.17 1 5
 20110615 1200 29.19 1 5
 20110616 1200 29.21 1 5
 20110617 1200 29.19 1 5
 20110618 1200 29.17 1 5
 20110619 1200 29.23 1 5
 20110620 1200 29.19 1 5
 20110621 1200 29.21 1 5
 20110622 1200 29.22 1 5
 20110623 1200 29.32 1 5
 20110624 1200 29.28 1 5
 20110625 1200 29.19 1 5
 20110626 1200 29.14 1 5
 20110627 1200 29.11 1 5
 20110628 1200 28.96 1 5
 20110629 1200 28.89 1 5
 20110630 1200 28.98 1 5
 20110701 1200 28.90 1 5
 20110702 1200 28.88 1 5
 20110703 1200 28.86 1 5
 20110704 1200 28.92 1 5
 20110705 1200 28.90 1 5
 20110706 1200 28.99 1 5
 20110707 1200 28.98 1 5
 20110708 1200 29.03 1 5
 20110709 1200 29.00 1 5
 20110710 1200 28.91 1 5
 20110711 1200 28.80 1 5
 20110712 1200 28.72 1 5
 20110713 1200 28.66 1 5
 20110714 1200 28.61 1 5
 20110715 1200 28.58 1 5
 20110716 1200 28.60 1 5
 20110717 1200 28.70 1 5
 20110718 1200 28.78 1 5
 20110719 1200 28.78 1 5
 20110720 1200 28.84 1 5
 20110721 1200 28.73 1 5
 20110722 1200 28.82 1 5
 20110723 1200 28.79 1 5
 20110724 1200 28.69 1 5
 20110725 1200 28.72 1 5
 20110726 1200 28.75 1 5
 20110727 1200 28.73 1 5
 20110728 1200 28.70 1 5
 20110729 1200 28.69 1 5
 20110730 1200 28.78 1 5
 20110731 1200 28.84 1 5
 20110801 1200 28.74 1 5
 20110802 1200 28.74 1 5
 20110803 1200 28.97 1 5
 20110804 1200 28.94 1 5
 20110805 1200 28.75 1 5
 20110806 1200 29.01 1 5
 20110807 1200 28.88 1 5
 20110808 1200 28.84 1 5
 20110809 1200 28.83 1 5
 20110810 1200 28.87 1 5
 20110811 1200 28.88 1 5
 20110812 1200 28.98 1 5
 20110813 1200 28.95 1 5
 20110814 1200 28.91 1 5
 20110815 1200 28.59 1 5
 20110816 1200 28.67 1 5
 20110817 1200 28.71 1 5
 20110818 1200 28.76 1 5
 20110819 1200 28.77 1 5
 20110820 1200 28.78 1 5
 20110821 1200 28.88 1 5
 20110822 1200 28.83 1 5
 20110823 1200 28.63 1 5
 20110824 1200 28.57 1 5
 20110825 1200 28.70 1 5
 20110826 1200 29.15 1 5
 20110827 1200 29.11 1 5
 20110828 1200 29.07 1 5
 20110829 1200 29.05 1 5
 20110830 1200 29.01 1 5
 20110831 1200 29.06 1 5
 20110901 1200 29.02 1 5
 20110902 1200 29.11 1 5
 20110903 1200 29.05 1 5
 20110904 1200 28.89 1 5
 20110905 1200 29.00 1 5
 20110906 1200 29.01 1 5
 20110907 1200 29.10 1 5
 20110908 1200 29.20 1 5
 20110909 1200 29.17 1 5
 20110910 1200 28.98 1 5
 20110911 1200 28.87 1 5
 20110912 1200 28.83 1 5
 20110913 1200 28.80 1 5
 20110914 1200 28.73 1 5
 20110915 1200 28.72 1 5
 20110916 1200 28.77 1 5
 20110917 1200 28.89 1 5
 20110918 1200 28.83 1 5
 20110919 1200 28.84 1 5
 20110920 1200 28.81 1 5
 20110921 1200 28.82 1 5
 20110922 1200 28.83 1 5
 20110923 1200 28.81 1 5
 20110924 1200 28.83 1 5
 20110925 1200 29.03 1 5
 20110926 1200 29.13 1 5
 20110927 1200 29.04 1 5
 20110928 1200 28.82 1 5
 20110929 1200 28.70 1 5
 20110930 1200 28.62 1 5
 20111001 1200 28.51 1 5
 20111002 1200 28.50 1 5
 20111003 1200 28.59 1 5
 20111004 1200 28.57 1 5
 20111005 1200 28.44 1 5
 20111006 1200 28.66 1 5
 20111007 1200 28.59 1 5
 20111008 1200 28.54 1 5
 20111009 1200 28.43 1 5
 20111010 1200 28.41 1 5
 20111011 1200 28.44 1 5
 20111012 1200 28.59 1 5
 20111013 1200 28.77 1 5
 20111014 1200 28.93 1 5
 20111015 1200 29.19 1 5
 20111016 1200 29.33 1 5
 20111017 1200 29.29 1 5
 20111018 1200 29.48 1 5
 20111019 1200 29.47 1 5
 20111020 1200 29.02 1 5
 20111021 1200 29.24 1 5
 20111022 1200 29.13 1 5
 20111023 1200 28.93 1 5
 20111024 1200 29.29 1 5
 20111025 1200 29.42 1 5
 20111026 1200 29.43 1 5
 20111027 1200 29.21 1 5
 20111028 1200 29.35 1 5
 20111029 1200 29.62 1 5
 20111030 1200 29.31 1 5
 20111031 1200 29.13 1 5
 20111101 1200 28.96 1 5
 20111102 1200 28.90 1 5
 20111103 1200 28.88 1 5
 20111104 1200 28.92 1 5
 20111105 1200 28.92 1 5
 20111106 1200 29.08 1 5
 20111107 1200 29.20 1 5
 20111108 1200 29.04 1 5
 20111109 1200 29.00 1 5
 20111110 1200 29.00 1 5
 20111111 1200 28.72 1 5
 20111112 1200 28.87 1 5
 20111113 1200 29.28 1 5
 20111114 1200 29.43 1 5
 20111115 1200 29.22 1 5
 20111116 1200 29.44 1 5
 20111117 1200 29.43 1 5
 20111118 1200 29.52 1 5
 20111119 1200 29.59 1 5
 20111120 1200 29.58 1 5
 20111121 1200 29.61 1 5
 20111122 1200 29.57 1 5
 20111123 1200 29.41 1 5
 20111124 1200 29.62 1 5
 20111125 1200 29.86 1 5
 20111126 1200 29.53 1 5
 20111127 1200 29.42 1 5
 20111128 1200 29.18 1 5
 20111129 1200 29.22 1 5
 20111130 1200 29.23 1 5
 20111201 1200 29.20 1 5
 20111202 1200 29.24 1 5
 20111203 1200 29.24 1 5
 20111204 1200 29.51 1 5
 20111205 1200 29.42 1 5
 20111206 1200 29.41 1 5
 20111207 1200 29.36 1 5
 20111208 1200 29.36 1 5
 20111209 1200 29.51 1 5
 20111210 1200 29.53 1 5
 20111211 1200 29.58 1 5
 20111212 1200 29.41 1 5
 20111213 1200 29.37 1 5
 20111214 1200 29.45 1 5
 20111215 1200 29.47 1 5
 20111216 1200 29.31 1 5
 20111217 1200 29.40 1 5
 20111218 1200 29.62 1 5
 20111219 1200 29.59 1 5
 20111220 1200 29.47 1 5
 20111221 1200 29.63 1 5
 20111222 1200 29.44 1 5
 20111223 1200 29.37 1 5
 20111224 1200 29.23 1 5
 20111225 1200 29.06 1 5
 20111226 1200 28.93 1 5
 20111227 1200 28.85 1 5
 20111228 1200 29.02 1 5
 20111229 1200 28.98 1 5
 20111230 1200 29.19 1 5
 20111231 1200 29.31 1 5
 20120101 1200 29.25 1 5
 20120102 1200 28.98 1 5
 20120103 1200 29.24 1 5
 20120104 1200 29.50 1 5
 20120105 1200 29.65 1 5
 20120106 1200 29.59 1 5
 20120107 1200 29.32 1 5
 20120108 1200 29.29 1 5
 20120109 1200 29.23 1 5
 20120110 1200 29.23 1 5
 20120111 1200 29.48 1 5
 20120112 1200 29.18 1 5
 20120113 1200 29.17 1 5
 20120114 1200 29.10 1 5
 20120115 1200 29.12 1 5
 20120116 1200 29.06 1 5
 20120117 1200 29.12 1 5
 20120118 1200 29.16 1 5
 20120119 1200 29.49 1 5
 20120120 1200 29.42 1 5
 20120121 1200 29.37 1 5
 20120122 1200 29.39 1 5
 20120123 1200 29.27 1 5
 20120124 1200 29.11 1 5
 20120125 1200 28.92 1 5
 20120126 1200 28.92 1 5
 20120127 1200 28.90 1 5
 20120128 1200 29.01 1 5
 20120129 1200 29.07 1 5
 20120130 1200 28.92 1 5
 20120131 1200 28.91 1 5
 20120201 1200 29.05 1 5
 20120202 1200 29.18 1 5
 20120203 1200 29.07 1 5
 20120204 1200 29.54 1 5
 20120205 1200 29.10 1 5
 20120206 1200 29.29 1 5
 20120207 1200 29.39 1 5
 20120208 1200 29.47 1 5
 20120209 1200 29.22 1 5
 20120210 1200 29.18 1 5
 20120211 1200 29.16 1 5
 20120212 1200 29.11 1 5
 20120213 1200 29.20 1 5
 20120214 1200 29.30 1 5
 20120215 1200 29.18 1 5
 20120216 1200 29.12 1 5
 20120217 1200 29.48 1 5
 20120218 1200 29.22 1 5
 20120219 1200 29.25 1 5
 20120220 1200 29.35 1 5
 20120221 1200 29.32 1 5
 20120222 1200 29.30 1 5
 20120223 1200 29.37 1 5
 20120224 1200 29.12 1 5
 20120225 1200 29.15 1 5
 20120226 1200 29.31 1 5
 20120227 1200 29.38 1 5
 20120228 1200 29.11 1 5
 20120229 1200 29.01 1 5
 20120301 1200 29.05 1 5
 20120302 1200 29.32 1 5
 20120303 1200 29.16 1 5
 20120304 1200 28.94 1 5
 20120305 1200 28.98 1 5
 20120306 1200 28.90 1 5
 20120307 1200 28.71 1 5
 20120308 1200 28.47 1 5
 20120309 1200 28.54 1 5
 20120310 1200 28.80 1 5
 20120311 1200 29.29 1 5
 20120312 1200 29.19 1 5
 20120313 1200 29.17 1 5
 20120314 1200 29.44 1 5
 20120315 1200 29.89 1 5
 20120316 1200 29.73 1 5
 20120317 1200 29.75 1 5
 20120318 1200 29.85 1 5
 20120319 1200 29.97 1 5
 20120320 1200 30.04 1 5
 20120321 1200 29.97 1 5
 20120322 1200 29.88 1 5
 20120323 1200 29.93 1 5
 20120324 1200 29.91 1 5
 20120325 1200 29.65 1 5
 20120326 1200 29.17 1 5
 20120327 1200 29.22 1 5
 20120328 1200 29.21 1 5
 20120329 1200 29.96 1 5
 20120330 1200 29.58 1 5
 20120331 1200 29.54 1 5
 20120401 1200 30.07 1 5
 20120402 1200 30.12 1 5
 20120403 1200 30.04 1 5
 20120404 1200 29.83 1 5
 20120405 1200 29.64 1 5
 20120406 1200 30.21 1 5
 20120407 1200 30.35 1 5
 20120408 1200 29.71 1 5
 20120409 1200 29.82 1 5
 20120410 1200 29.87 1 5
 20120411 1200 30.28 1 5
 20120412 1200 30.03 1 5
 20120413 1200 29.89 1 5
 20120414 1200 30.12 1 5
 20120415 1200 30.01 1 5
 20120416 1200 30.07 1 5
 20120417 1200 29.93 1 5
 20120418 1200 29.77 1 5
 20120419 1200 29.80 1 5
 20120420 1200 29.62 1 5
 20120421 1200 29.67 1 5
 20120422 1200 29.76 1 5
 20120423 1200 29.78 1 5
 20120424 1200 30.09 1 5
 20120425 1200 30.00 1 5
 20120426 1200 30.37 1 5
 20120427 1200 30.16 1 5
 20120428 1200 29.80 1 5
 20120429 1200 29.68 1 5
 20120430 1200 29.57 1 5
 20120501 1200 29.58 1 5
 20120502 1200 29.67 1 5
 20120503 1200 29.69 1 5
 20120504 1200 29.61 1 5
 20120505 1200 29.61 1 5
 20120506 1200 29.67 1 5
 20120507 1200 29.61 1 5
 20120508 1200 29.67 1 5
 20120509 1200 29.70 1 5
 20120510 1200 30.01 1 5
 20120511 1200 -9.99 0 0
 20120512 1200 29.87 2 1
 20120513 1200 29.97 2 1
 20120514 1200 29.83 2 1
 20120515 1200 29.85 2 1
 20120516 1200 29.82 2 1
 20120517 1200 29.88 2 1
 20120518 1200 29.86 2 1
 20120519 1200 29.96 2 1
 20120520 1200 29.94 2 1
 20120521 1200 29.80 2 1
 20120522 1200 29.76 2 1
 20120523 1200 29.75 2 1
 20120524 1200 29.68 2 1
 20120525 1200 29.64 2 1
 20120526 1200 29.56 2 1
 20120527 1200 29.55 2 1
 20120528 1200 29.54 2 1
 20120529 1200 29.53 2 1
 20120530 1200 29.42 2 1
 20120531 1200 29.39 2 1
 20120601 1200 29.31 2 1
 20120602 1200 29.28 2 1
 20120603 1200 29.27 2 1
 20120604 1200 29.20 2 1
 20120605 1200 29.17 2 1
 20120606 1200 29.08 2 1
 20120607 1200 28.97 2 1
 20120608 1200 28.88 2 1
 20120609 1200 28.84 2 1
 20120610 1200 28.82 2 1
 20120611 1200 28.85 2 1
 20120612 1200 28.88 2 1
 20120613 1200 28.91 2 1
 20120614 1200 28.97 2 1
 20120615 1200 29.05 2 1
 20120616 1200 29.02 2 1
 20120617 1200 28.99 2 1
 20120618 1200 29.18 2 1
 20120619 1200 29.20 2 1
 20120620 1200 29.11 2 1
 20120621 1200 29.18 2 1
 20120622 1200 29.39 2 1
 20120623 1200 29.31 2 1
 20120624 1200 29.29 2 1
 20120625 1200 29.34 2 1
 20120626 1200 29.47 2 1
 20120627 1200 29.13 2 1
 20120628 1200 29.27 2 1
 20120629 1200 29.20 2 1
 20120630 1200 29.18 2 1
 20120701 1200 29.13 2 1
 20120702 1200 29.03 2 1
 20120703 1200 29.03 2 1
 20120704 1200 28.93 2 1
 20120705 1200 28.95 2 1
 20120706 1200 28.85 2 1
 20120707 1200 28.91 2 1
 20120708 1200 28.80 2 1
 20120709 1200 28.80 2 1
 20120710 1200 28.72 2 1
 20120711 1200 28.77 2 1
 20120712 1200 28.74 2 1
 20120713 1200 28.69 2 1
 20120714 1200 28.66 2 1
 20120715 1200 28.63 2 1
 20120716 1200 28.65 2 1
 20120717 1200 28.70 2 1
 20120718 1200 28.73 2 1
 20120719 1200 28.70 2 1
 20120720 1200 28.77 2 1
 20120721 1200 28.72 2 1
 20120722 1200 28.73 2 1
 20120723 1200 28.69 2 1
 20120724 1200 28.60 2 1
 20120725 1200 28.67 2 1
 20120726 1200 28.65 2 1
 20120727 1200 28.66 2 1
 20120728 1200 28.61 2 1
 20120729 1200 28.70 2 1
 20120730 1200 28.78 2 1
 20120731 1200 28.76 2 1
 20120801 1200 28.77 2 1
 20120802 1200 28.75 2 1
 20120803 1200 28.74 2 1
 20120804 1200 28.79 2 1
 20120805 1200 28.81 2 1
 20120806 1200 28.92 2 1
 20120807 1200 29.07 2 1
 20120808 1200 29.24 2 1
 20120809 1200 29.23 2 1
 20120810 1200 29.16 2 1
 20120811 1200 29.22 2 1
 20120812 1200 29.51 2 1
 20120813 1200 29.64 2 1
 20120814 1200 29.96 2 1
 20120815 1200 29.78 2 1
 20120816 1200 29.37 2 1
 20120817 1200 29.35 2 1
 20120818 1200 29.21 2 1
 20120819 1200 29.11 2 1
 20120820 1200 29.00 2 1
 20120821 1200 28.92 2 1
 20120822 1200 28.84 2 1
 20120823 1200 28.78 2 1
 20120824 1200 28.90 2 1
 20120825 1200 28.79 2 1
 20120826 1200 28.75 2 1
 20120827 1200 28.62 2 1
 20120828 1200 28.53 2 1
 20120829 1200 28.59 2 1
 20120830 1200 28.54 2 1
 20120831 1200 28.64 2 1
 20120901 1200 28.68 2 1
 20120902 1200 28.79 2 1
 20120903 1200 28.83 2 1
 20120904 1200 28.81 2 1
 20120905 1200 28.82 2 1
 20120906 1200 28.80 2 1
 20120907 1200 28.98 2 1
 20120908 1200 28.90 2 1
 20120909 1200 28.73 2 1
 20120910 1200 28.72 2 1
 20120911 1200 28.67 2 1
 20120912 1200 28.46 2 1
 20120913 1200 28.53 2 1
 20120914 1200 28.88 2 1
 20120915 1200 28.65 2 1
 20120916 1200 28.56 2 1
 20120917 1200 28.59 2 1
 20120918 1200 28.61 2 1
 20120919 1200 28.64 2 1
 20120920 1200 28.68 2 1
 20120921 1200 29.21 2 1
 20120922 1200 29.41 2 1
 20120923 1200 29.53 2 1
 20120924 1200 29.16 2 1
 20120925 1200 28.90 2 1
 20120926 1200 28.65 2 1
 20120927 1200 28.52 2 1
 20120928 1200 28.38 2 1
 20120929 1200 28.37 2 1
 20120930 1200 28.45 2 1
 20121001 1200 28.50 2 1
 20121002 1200 28.62 2 1
 20121003 1200 28.82 2 1
 20121004 1200 28.84 2 1
 20121005 1200 29.37 2 1
 20121006 1200 29.59 2 1
 20121007 1200 29.53 2 1
 20121008 1200 29.55 2 1
 20121009 1200 29.35 2 1
 20121010 1200 29.36 2 1
 20121011 1200 29.78 2 1
 20121012 1200 29.80 2 1
 20121013 1200 29.74 2 1
 20121014 1200 29.78 2 1
 20121015 1200 29.60 2 1
 20121016 1200 29.47 2 1
 20121017 1200 29.31 2 1
 20121018 1200 29.15 2 1
 20121019 1200 28.97 2 1
 20121020 1200 29.06 2 1
 20121021 1200 29.17 2 1
 20121022 1200 29.26 2 1
 20121023 1200 29.43 2 1
 20121024 1200 29.17 2 1
 20121025 1200 29.01 2 1
 20121026 1200 29.02 2 1
 20121027 1200 29.08 2 1
 20121028 1200 29.03 2 1
 20121029 1200 28.89 2 1
 20121030 1200 28.85 2 1
 20121031 1200 29.00 2 1
 20121101 1200 28.85 2 1
 20121102 1200 28.97 2 1
 20121103 1200 28.77 2 1
 20121104 1200 29.06 2 1
 20121105 1200 29.02 2 1
 20121106 1200 28.72 2 1
 20121107 1200 28.94 2 1
 20121108 1200 28.93 2 1
 20121109 1200 28.91 2 1
 20121110 1200 28.74 2 1
 20121111 1200 28.70 2 1
 20121112 1200 28.66 2 1
 20121113 1200 28.70 2 1
 20121114 1200 28.69 2 1
 20121115 1200 28.83 2 1
 20121116 1200 28.95 2 1
 20121117 1200 28.92 2 1
 20121118 1200 29.12 2 1
 20121119 1200 29.32 2 1
 20121120 1200 29.41 2 1
 20121121 1200 29.37 2 1
 20121122 1200 29.81 2 1
 20121123 1200 29.67 2 1
 20121124 1200 29.55 2 1
 20121125 1200 29.29 2 1
 20121126 1200 29.27 2 1
 20121127 1200 29.40 2 1
 20121128 1200 29.40 2 1
 20121129 1200 29.18 2 1
 20121130 1200 29.01 2 1
 20121201 1200 28.95 2 1
 20121202 1200 29.23 2 1
 20121203 1200 29.20 2 1
 20121204 1200 29.26 2 1
 20121205 1200 29.36 2 1
 20121206 1200 29.24 2 1
 20121207 1200 29.26 2 1
 20121208 1200 29.34 2 1
 20121209 1200 29.37 2 1
 20121210 1200 29.40 2 1
 20121211 1200 29.23 2 1
 20121212 1200 29.39 2 1
 20121213 1200 29.35 2 1
 20121214 1200 29.16 2 1
 20121215 1200 28.86 2 1
 20121216 1200 29.18 2 1
 20121217 1200 29.20 2 1
 20121218 1200 29.19 2 1
 20121219 1200 29.17 2 1
 20121220 1200 29.13 2 1
 20121221 1200 29.09 2 1
 20121222 1200 29.46 2 1
 20121223 1200 29.09 2 1
 20121224 1200 29.11 2 1
 20121225 1200 29.49 2 1
 20121226 1200 29.20 2 1
 20121227 1200 29.16 2 1
 20121228 1200 29.12 2 1
 20121229 1200 29.32 2 1
 20121230 1200 29.57 2 1
 20121231 1200 28.94 2 1
 20130101 1200 29.03 2 1
 20130102 1200 29.01 2 1
 20130103 1200 29.04 2 1
 20130104 1200 29.30 2 1
 20130105 1200 29.28 2 1
 20130106 1200 29.27 2 1
 20130107 1200 29.10 2 1
 20130108 1200 29.29 2 1
 20130109 1200 29.17 2 1
 20130110 1200 29.54 2 1
 20130111 1200 29.31 2 1
 20130112 1200 29.49 2 1
 20130113 1200 29.31 2 1
 20130114 1200 29.14 2 1
 20130115 1200 29.07 2 1
 20130116 1200 29.08 2 1
 20130117 1200 28.99 2 1
 20130118 1200 29.14 2 1
 20130119 1200 29.13 2 1
 20130120 1200 29.18 2 1
 20130121 1200 29.26 2 1
 20130122 1200 29.26 2 1
 20130123 1200 29.20 2 1
 20130124 1200 29.22 2 1
 20130125 1200 29.22 2 1
 20130126 1200 29.38 2 1
 20130127 1200 29.14 2 1
 20130128 1200 29.25 2 1
 20130129 1200 29.16 2 1
 20130130 1200 29.24 2 1
 20130131 1200 29.29 2 1
 20130201 1200 -9.99 0 0
 20130202 1200 29.28 2 1
 20130203 1200 29.23 2 1
 20130204 1200 29.21 2 1
 20130205 1200 29.23 2 1
 20130206 1200 29.25 2 1
 20130207 1200 29.15 2 1
 20130208 1200 29.18 2 1
 20130209 1200 29.22 2 1
 20130210 1200 29.23 2 1
 20130211 1200 29.21 2 1
 Time: 1200 17 Apr 2013 to 1200 14 May 2013 (index  2345 to  2372,   28 times)
 Depth (M):        1 QUALITY SOURCE
 YYYYMMDD HHMM   SST Q S
 20130417 1200 29.93 2 1
 20130418 1200 30.14 2 1
 20130419 1200 -9.99 0 0
 20130420 1200 30.56 2 1
 20130421 1200 30.49 2 1
 20130422 1200 30.72 2 1
 20130423 1200 30.47 2 1
 20130424 1200 -9.99 0 0
 20130425 1200 -9.99 0 0
 20130426 1200 -9.99 0 0
 20130427 1200 -9.99 0 0
 20130428 1200 -9.99 0 0
 20130429 1200 30.89 2 1
 20130430 1200 30.93 2 1
 20130501 1200 30.69 2 1
 20130502 1200 30.27 2 1
 20130503 1200 30.16 2 1
 20130504 1200 30.00 2 1
 20130505 1200 29.86 2 1
 20130506 1200 -9.99 0 0
 20130507 1200 29.81 2 1
 20130508 1200 29.79 2 1
 20130509 1200 29.58 2 1
 20130510 1200 -9.99 0 0
 20130511 1200 29.32 2 1
 20130512 1200 29.34 2 1
 20130513 1200 29.37 2 1
 20130514 1200 29.33 2 1
 Time: 1200 30 May 2013 to 1200  1 Jun 2013 (index  2388 to  2390,    3 times)
 Depth (M):        1 QUALITY SOURCE
 YYYYMMDD HHMM   SST Q S
 20130530 1200 29.44 2 1
 20130531 1200 29.57 2 1
 20130601 1200 29.51 2 1
 Time: 1200 13 Aug 2013 to 1200 11 Oct 2013 (index  2463 to  2522,   60 times)
 Depth (M):        1 QUALITY SOURCE
 YYYYMMDD HHMM   SST Q S
 20130813 1200 28.23 2 1
 20130814 1200 28.19 2 1
 20130815 1200 28.18 2 1
 20130816 1200 28.21 2 1
 20130817 1200 -9.99 0 0
 20130818 1200 28.28 2 1
 20130819 1200 28.41 2 1
 20130820 1200 28.37 2 1
 20130821 1200 28.34 2 1
 20130822 1200 28.34 2 1
 20130823 1200 28.45 2 1
 20130824 1200 28.56 2 1
 20130825 1200 -9.99 0 0
 20130826 1200 -9.99 0 0
 20130827 1200 28.58 2 1
 20130828 1200 28.58 2 1
 20130829 1200 28.64 2 1
 20130830 1200 28.56 2 1
 20130831 1200 -9.99 0 0
 20130901 1200 28.60 2 1
 20130902 1200 -9.99 0 0
 20130903 1200 -9.99 0 0
 20130904 1200 -9.99 0 0
 20130905 1200 28.43 2 1
 20130906 1200 -9.99 0 0
 20130907 1200 -9.99 0 0
 20130908 1200 28.46 2 1
 20130909 1200 -9.99 0 0
 20130910 1200 -9.99 0 0
 20130911 1200 -9.99 0 0
 20130912 1200 -9.99 0 0
 20130913 1200 -9.99 0 0
 20130914 1200 28.36 2 1
 20130915 1200 -9.99 0 0
 20130916 1200 -9.99 0 0
 20130917 1200 -9.99 0 0
 20130918 1200 -9.99 0 0
 20130919 1200 28.35 2 1
 20130920 1200 28.37 2 1
 20130921 1200 28.32 2 1
 20130922 1200 -9.99 0 0
 20130923 1200 28.38 2 1
 20130924 1200 28.40 2 1
 20130925 1200 28.46 2 1
 20130926 1200 28.53 2 1
 20130927 1200 28.58 2 1
 20130928 1200 28.56 2 1
 20130929 1200 -9.99 0 0
 20130930 1200 -9.99 0 0
 20131001 1200 -9.99 0 0
 20131002 1200 -9.99 0 0
 20131003 1200 28.54 2 1
 20131004 1200 -9.99 0 0
 20131005 1200 28.94 2 1
 20131006 1200 28.89 2 1
 20131007 1200 28.69 2 1
 20131008 1200 28.66 2 1
 20131009 1200 28.70 2 1
 20131010 1200 28.78 2 1
 20131011 1200 28.82 2 1
 Time: 1200 28 Oct 2013 to 1200  4 Nov 2013 (index  2539 to  2546,    8 times)
 Depth (M):        1 QUALITY SOURCE
 YYYYMMDD HHMM   SST Q S
 20131028 1200 29.34 2 1
 20131029 1200 29.31 2 1
 20131030 1200 28.92 2 1
 20131031 1200 29.17 2 1
 20131101 1200 29.21 2 1
 20131102 1200 29.62 2 1
 20131103 1200 29.55 2 1
 20131104 1200 29.62 2 1
 Time: 1200 30 Nov 2014 to 1200 20 Jun 2016 (index  2937 to  3505,  569 times)
 Depth (M):        1 QUALITY SOURCE
 YYYYMMDD HHMM   SST Q S
 20141130 1200 29.00 1 5
 20141201 1200 29.37 1 5
 20141202 1200 28.96 1 5
 20141203 1200 28.68 1 5
 20141204 1200 28.92 1 5
 20141205 1200 28.60 1 5
 20141206 1200 28.71 1 5
 20141207 1200 29.21 1 5
 20141208 1200 29.13 1 5
 20141209 1200 29.31 1 5
 20141210 1200 29.40 1 5
 20141211 1200 29.38 1 5
 20141212 1200 29.00 1 5
 20141213 1200 28.97 1 5
 20141214 1200 29.26 1 5
 20141215 1200 29.48 1 5
 20141216 1200 29.63 1 5
 20141217 1200 29.28 1 5
 20141218 1200 29.31 1 5
 20141219 1200 29.43 1 5
 20141220 1200 29.16 1 5
 20141221 1200 29.12 1 5
 20141222 1200 29.14 1 5
 20141223 1200 29.05 1 5
 20141224 1200 28.78 1 5
 20141225 1200 28.77 1 5
 20141226 1200 28.91 1 5
 20141227 1200 29.00 1 5
 20141228 1200 28.99 1 5
 20141229 1200 29.38 1 5
 20141230 1200 29.38 1 5
 20141231 1200 29.39 1 5
 20150101 1200 29.40 1 5
 20150102 1200 29.71 1 5
 20150103 1200 29.38 1 5
 20150104 1200 29.42 1 5
 20150105 1200 29.43 1 5
 20150106 1200 29.50 1 5
 20150107 1200 29.42 1 5
 20150108 1200 29.31 1 5
 20150109 1200 29.58 1 5
 20150110 1200 29.37 1 5
 20150111 1200 29.16 1 5
 20150112 1200 29.21 1 5
 20150113 1200 29.24 1 5
 20150114 1200 29.50 1 5
 20150115 1200 29.75 1 5
 20150116 1200 29.70 1 5
 20150117 1200 29.58 1 5
 20150118 1200 29.56 1 5
 20150119 1200 29.47 1 5
 20150120 1200 29.41 1 5
 20150121 1200 29.29 1 5
 20150122 1200 29.25 1 5
 20150123 1200 29.11 1 5
 20150124 1200 29.00 1 5
 20150125 1200 28.96 1 5
 20150126 1200 28.91 1 5
 20150127 1200 29.24 1 5
 20150128 1200 29.27 1 5
 20150129 1200 29.17 1 5
 20150130 1200 29.24 1 5
 20150131 1200 29.11 1 1
 20150201 1200 29.04 1 5
 20150202 1200 28.97 1 5
 20150203 1200 28.87 1 5
 20150204 1200 28.82 1 5
 20150205 1200 28.69 1 5
 20150206 1200 29.00 1 5
 20150207 1200 28.77 1 5
 20150208 1200 28.64 1 5
 20150209 1200 28.60 1 5
 20150210 1200 28.66 1 5
 20150211 1200 28.76 1 5
 20150212 1200 28.72 1 5
 20150213 1200 28.70 1 5
 20150214 1200 28.60 1 5
 20150215 1200 28.64 1 5
 20150216 1200 28.62 1 5
 20150217 1200 28.45 1 5
 20150218 1200 28.67 1 5
 20150219 1200 28.47 1 5
 20150220 1200 28.50 1 5
 20150221 1200 28.87 1 5
 20150222 1200 28.89 1 5
 20150223 1200 29.09 1 5
 20150224 1200 29.20 1 5
 20150225 1200 29.14 1 5
 20150226 1200 29.10 1 5
 20150227 1200 29.20 1 5
 20150228 1200 29.19 1 5
 20150301 1200 29.25 1 5
 20150302 1200 29.60 1 5
 20150303 1200 29.78 1 5
 20150304 1200 29.97 1 5
 20150305 1200 29.88 1 5
 20150306 1200 29.73 1 5
 20150307 1200 29.72 1 5
 20150308 1200 29.61 1 5
 20150309 1200 29.50 1 5
 20150310 1200 29.61 1 5
 20150311 1200 29.61 1 5
 20150312 1200 29.63 1 5
 20150313 1200 29.67 1 5
 20150314 1200 30.09 1 5
 20150315 1200 29.83 1 5
 20150316 1200 29.82 1 5
 20150317 1200 29.81 1 5
 20150318 1200 29.91 1 5
 20150319 1200 29.77 1 5
 20150320 1200 29.85 1 5
 20150321 1200 29.79 1 5
 20150322 1200 30.06 1 5
 20150323 1200 30.15 1 5
 20150324 1200 30.29 1 5
 20150325 1200 30.27 1 5
 20150326 1200 30.08 1 5
 20150327 1200 30.16 1 5
 20150328 1200 30.36 1 5
 20150329 1200 30.18 1 5
 20150330 1200 30.34 1 5
 20150331 1200 30.64 1 5
 20150401 1200 30.15 1 5
 20150402 1200 30.32 1 5
 20150403 1200 30.36 1 5
 20150404 1200 30.77 1 5
 20150405 1200 30.89 1 5
 20150406 1200 30.72 1 5
 20150407 1200 30.93 1 5
 20150408 1200 30.53 1 5
 20150409 1200 30.53 1 5
 20150410 1200 30.42 1 5
 20150411 1200 30.39 1 5
 20150412 1200 30.37 1 5
 20150413 1200 30.28 1 5
 20150414 1200 30.31 1 5
 20150415 1200 30.25 1 5
 20150416 1200 30.53 1 5
 20150417 1200 30.49 1 5
 20150418 1200 30.28 1 5
 20150419 1200 30.36 1 5
 20150420 1200 30.32 1 5
 20150421 1200 30.37 1 5
 20150422 1200 30.16 1 5
 20150423 1200 30.65 1 5
 20150424 1200 30.77 1 5
 20150425 1200 30.85 1 5
 20150426 1200 30.29 1 5
 20150427 1200 30.18 1 5
 20150428 1200 30.30 1 5
 20150429 1200 30.47 1 5
 20150430 1200 30.19 1 5
 20150501 1200 30.06 1 5
 20150502 1200 30.06 1 5
 20150503 1200 30.17 1 5
 20150504 1200 30.23 1 5
 20150505 1200 30.40 1 1
 20150506 1200 30.39 1 5
 20150507 1200 30.48 1 5
 20150508 1200 -9.99 0 0
 20150509 1200 30.13 1 5
 20150510 1200 30.27 1 5
 20150511 1200 30.20 1 5
 20150512 1200 30.07 1 5
 20150513 1200 30.03 1 5
 20150514 1200 29.97 1 5
 20150515 1200 30.13 1 5
 20150516 1200 30.08 1 5
 20150517 1200 30.19 1 5
 20150518 1200 30.53 1 5
 20150519 1200 30.46 1 5
 20150520 1200 30.33 1 5
 20150521 1200 30.30 1 5
 20150522 1200 30.27 1 5
 20150523 1200 30.52 1 5
 20150524 1200 30.19 1 5
 20150525 1200 30.16 1 5
 20150526 1200 30.11 1 5
 20150527 1200 30.10 1 5
 20150528 1200 30.24 1 5
 20150529 1200 30.12 1 5
 20150530 1200 30.24 1 5
 20150531 1200 30.46 1 5
 20150601 1200 30.35 1 5
 20150602 1200 30.60 1 5
 20150603 1200 30.85 1 5
 20150604 1200 30.65 1 5
 20150605 1200 30.68 1 5
 20150606 1200 30.99 1 5
 20150607 1200 30.45 1 5
 20150608 1200 30.53 1 5
 20150609 1200 30.43 1 5
 20150610 1200 30.35 1 5
 20150611 1200 30.26 1 5
 20150612 1200 30.17 1 5
 20150613 1200 30.45 1 5
 20150614 1200 30.24 1 5
 20150615 1200 30.29 1 5
 20150616 1200 30.23 1 5
 20150617 1200 30.23 1 5
 20150618 1200 30.22 1 5
 20150619 1200 30.20 1 5
 20150620 1200 30.19 1 5
 20150621 1200 30.15 1 5
 20150622 1200 30.16 1 5
 20150623 1200 30.25 1 5
 20150624 1200 30.24 1 5
 20150625 1200 30.28 1 5
 20150626 1200 30.28 1 5
 20150627 1200 30.25 1 5
 20150628 1200 30.20 1 5
 20150629 1200 30.09 1 5
 20150630 1200 30.23 1 5
 20150701 1200 30.14 1 5
 20150702 1200 30.21 1 5
 20150703 1200 29.99 1 5
 20150704 1200 29.82 1 5
 20150705 1200 29.80 1 5
 20150706 1200 29.80 1 5
 20150707 1200 29.70 1 5
 20150708 1200 29.55 1 5
 20150709 1200 29.45 1 5
 20150710 1200 29.39 1 5
 20150711 1200 29.41 1 5
 20150712 1200 29.32 1 5
 20150713 1200 29.34 1 5
 20150714 1200 29.28 1 5
 20150715 1200 29.21 1 5
 20150716 1200 29.13 1 5
 20150717 1200 29.08 1 5
 20150718 1200 29.09 1 5
 20150719 1200 29.11 1 5
 20150720 1200 29.20 1 5
 20150721 1200 29.19 1 5
 20150722 1200 29.21 1 5
 20150723 1200 29.32 1 5
 20150724 1200 29.66 1 5
 20150725 1200 29.47 1 5
 20150726 1200 29.42 1 5
 20150727 1200 29.35 1 5
 20150728 1200 29.42 1 5
 20150729 1200 29.52 1 5
 20150730 1200 29.36 1 5
 20150731 1200 29.46 1 5
 20150801 1200 29.36 1 5
 20150802 1200 29.32 1 5
 20150803 1200 29.24 1 5
 20150804 1200 29.19 1 5
 20150805 1200 29.17 1 5
 20150806 1200 29.12 1 5
 20150807 1200 29.05 1 5
 20150808 1200 29.07 1 5
 20150809 1200 29.10 1 5
 20150810 1200 28.95 1 5
 20150811 1200 29.08 1 5
 20150812 1200 29.04 1 5
 20150813 1200 28.95 1 5
 20150814 1200 28.93 1 5
 20150815 1200 28.98 1 5
 20150816 1200 28.90 1 5
 20150817 1200 28.89 1 5
 20150818 1200 29.18 1 5
 20150819 1200 29.74 1 5
 20150820 1200 29.32 1 5
 20150821 1200 29.26 1 5
 20150822 1200 29.23 1 5
 20150823 1200 29.32 1 5
 20150824 1200 29.37 1 5
 20150825 1200 29.33 1 5
 20150826 1200 29.30 1 5
 20150827 1200 29.32 1 5
 20150828 1200 29.15 1 5
 20150829 1200 29.32 1 5
 20150830 1200 29.10 1 5
 20150831 1200 29.37 1 5
 20150901 1200 29.33 1 5
 20150902 1200 29.40 1 5
 20150903 1200 29.30 1 5
 20150904 1200 29.60 1 5
 20150905 1200 29.43 1 5
 20150906 1200 29.39 1 5
 20150907 1200 29.55 1 5
 20150908 1200 29.48 1 5
 20150909 1200 29.24 1 5
 20150910 1200 29.29 1 5
 20150911 1200 29.32 1 5
 20150912 1200 29.38 1 5
 20150913 1200 29.27 1 5
 20150914 1200 29.21 1 5
 20150915 1200 29.20 1 5
 20150916 1200 29.18 1 5
 20150917 1200 29.14 1 5
 20150918 1200 29.18 1 5
 20150919 1200 29.25 1 5
 20150920 1200 29.54 1 5
 20150921 1200 29.53 1 5
 20150922 1200 29.38 1 5
 20150923 1200 29.30 1 5
 20150924 1200 29.29 1 5
 20150925 1200 29.10 1 5
 20150926 1200 29.08 1 5
 20150927 1200 29.02 1 5
 20150928 1200 28.95 1 5
 20150929 1200 29.01 1 5
 20150930 1200 28.87 1 5
 20151001 1200 29.11 1 5
 20151002 1200 29.09 1 5
 20151003 1200 29.36 1 5
 20151004 1200 29.05 1 5
 20151005 1200 29.20 1 5
 20151006 1200 29.17 1 5
 20151007 1200 29.54 1 5
 20151008 1200 29.43 1 5
 20151009 1200 29.45 1 5
 20151010 1200 29.74 1 5
 20151011 1200 29.98 1 5
 20151012 1200 30.02 1 5
 20151013 1200 30.50 1 5
 20151014 1200 29.81 1 5
 20151015 1200 29.19 1 5
 20151016 1200 30.00 1 5
 20151017 1200 30.18 1 5
 20151018 1200 30.35 1 5
 20151019 1200 30.34 1 5
 20151020 1200 29.56 1 5
 20151021 1200 29.72 1 5
 20151022 1200 29.84 1 5
 20151023 1200 29.45 1 5
 20151024 1200 29.84 1 5
 20151025 1200 29.70 1 5
 20151026 1200 29.37 1 5
 20151027 1200 29.22 1 5
 20151028 1200 29.24 1 5
 20151029 1200 29.25 1 5
 20151030 1200 29.41 1 5
 20151031 1200 29.60 1 5
 20151101 1200 29.77 1 5
 20151102 1200 29.76 1 5
 20151103 1200 29.57 1 5
 20151104 1200 29.56 1 5
 20151105 1200 29.31 1 5
 20151106 1200 29.18 1 5
 20151107 1200 29.08 1 5
 20151108 1200 29.33 1 5
 20151109 1200 29.25 1 5
 20151110 1200 29.21 1 5
 20151111 1200 29.07 1 5
 20151112 1200 28.98 1 5
 20151113 1200 29.30 1 5
 20151114 1200 29.10 1 5
 20151115 1200 29.03 1 5
 20151116 1200 28.94 1 5
 20151117 1200 29.45 1 5
 20151118 1200 29.54 1 5
 20151119 1200 29.55 1 5
 20151120 1200 29.13 1 5
 20151121 1200 29.38 1 5
 20151122 1200 29.19 1 5
 20151123 1200 29.23 1 5
 20151124 1200 29.32 1 5
 20151125 1200 29.27 1 5
 20151126 1200 29.27 1 5
 20151127 1200 29.39 1 5
 20151128 1200 29.38 1 5
 20151129 1200 29.26 1 5
 20151130 1200 29.35 1 5
 20151201 1200 29.36 1 5
 20151202 1200 29.38 1 5
 20151203 1200 29.26 1 5
 20151204 1200 29.45 1 5
 20151205 1200 29.62 1 5
 20151206 1200 29.41 1 5
 20151207 1200 29.49 1 5
 20151208 1200 29.69 1 5
 20151209 1200 29.59 1 5
 20151210 1200 29.50 1 5
 20151211 1200 29.42 1 5
 20151212 1200 29.33 1 5
 20151213 1200 29.49 1 5
 20151214 1200 29.34 1 5
 20151215 1200 29.13 1 5
 20151216 1200 29.23 1 5
 20151217 1200 29.22 1 5
 20151218 1200 29.34 1 5
 20151219 1200 29.50 1 5
 20151220 1200 29.30 1 5
 20151221 1200 29.30 1 5
 20151222 1200 29.30 1 5
 20151223 1200 29.37 1 5
 20151224 1200 29.33 1 5
 20151225 1200 29.38 1 5
 20151226 1200 29.47 1 5
 20151227 1200 29.75 1 5
 20151228 1200 29.60 1 5
 20151229 1200 29.49 1 5
 20151230 1200 29.41 1 5
 20151231 1200 29.40 1 5
 20160101 1200 29.43 1 5
 20160102 1200 29.56 1 5
 20160103 1200 29.64 1 5
 20160104 1200 29.60 1 5
 20160105 1200 29.50 1 5
 20160106 1200 29.59 1 5
 20160107 1200 29.54 1 5
 20160108 1200 29.60 1 5
 20160109 1200 29.59 1 5
 20160110 1200 29.59 1 5
 20160111 1200 29.52 1 5
 20160112 1200 29.55 1 5
 20160113 1200 29.52 1 5
 20160114 1200 29.55 1 5
 20160115 1200 29.45 1 5
 20160116 1200 29.43 1 5
 20160117 1200 29.41 1 5
 20160118 1200 29.46 1 5
 20160119 1200 29.45 1 5
 20160120 1200 29.44 1 5
 20160121 1200 29.45 1 5
 20160122 1200 29.70 1 5
 20160123 1200 29.76 1 5
 20160124 1200 29.77 1 5
 20160125 1200 29.66 1 5
 20160126 1200 29.58 1 5
 20160127 1200 29.82 1 5
 20160128 1200 29.97 1 5
 20160129 1200 29.60 1 5
 20160130 1200 29.54 1 5
 20160131 1200 29.57 1 5
 20160201 1200 29.62 1 5
 20160202 1200 29.52 1 5
 20160203 1200 29.39 1 5
 20160204 1200 29.42 1 5
 20160205 1200 29.45 1 5
 20160206 1200 29.43 1 5
 20160207 1200 29.02 1 5
 20160208 1200 29.13 1 5
 20160209 1200 29.22 1 5
 20160210 1200 29.25 1 5
 20160211 1200 29.33 1 5
 20160212 1200 29.32 1 5
 20160213 1200 29.48 1 5
 20160214 1200 29.62 1 5
 20160215 1200 29.42 1 5
 20160216 1200 29.41 1 5
 20160217 1200 29.53 1 5
 20160218 1200 29.70 1 5
 20160219 1200 29.99 1 5
 20160220 1200 29.62 1 5
 20160221 1200 29.54 1 5
 20160222 1200 29.48 1 5
 20160223 1200 29.63 1 5
 20160224 1200 29.74 1 5
 20160225 1200 29.57 1 5
 20160226 1200 29.58 1 5
 20160227 1200 29.64 1 5
 20160228 1200 29.67 1 5
 20160229 1200 29.66 1 5
 20160301 1200 29.69 1 5
 20160302 1200 29.72 1 5
 20160303 1200 29.62 1 5
 20160304 1200 29.64 1 5
 20160305 1200 29.67 1 5
 20160306 1200 29.67 1 5
 20160307 1200 29.67 1 5
 20160308 1200 -9.99 0 0
 20160309 1200 29.61 2 1
 20160310 1200 30.19 2 1
 20160311 1200 29.74 2 1
 20160312 1200 29.91 2 1
 20160313 1200 30.02 2 1
 20160314 1200 30.14 2 1
 20160315 1200 29.95 2 1
 20160316 1200 29.89 2 1
 20160317 1200 30.12 2 1
 20160318 1200 30.03 2 1
 20160319 1200 30.09 2 1
 20160320 1200 29.92 2 1
 20160321 1200 30.27 2 1
 20160322 1200 30.36 2 1
 20160323 1200 30.14 2 1
 20160324 1200 30.25 2 1
 20160325 1200 30.36 2 1
 20160326 1200 30.13 2 1
 20160327 1200 30.37 2 1
 20160328 1200 30.51 2 1
 20160329 1200 30.44 2 1
 20160330 1200 30.58 2 1
 20160331 1200 31.16 2 1
 20160401 1200 31.17 2 1
 20160402 1200 30.97 2 1
 20160403 1200 31.00 2 1
 20160404 1200 30.82 2 1
 20160405 1200 30.94 2 1
 20160406 1200 30.51 2 1
 20160407 1200 30.73 2 1
 20160408 1200 31.16 2 1
 20160409 1200 30.56 2 1
 20160410 1200 30.78 2 1
 20160411 1200 30.38 2 1
 20160412 1200 30.67 2 1
 20160413 1200 31.20 2 1
 20160414 1200 31.21 2 1
 20160415 1200 31.10 2 1
 20160416 1200 31.07 2 1
 20160417 1200 31.16 2 1
 20160418 1200 31.29 2 1
 20160419 1200 31.40 2 1
 20160420 1200 31.41 2 1
 20160421 1200 31.43 2 1
 20160422 1200 31.27 2 1
 20160423 1200 31.20 2 1
 20160424 1200 30.99 2 1
 20160425 1200 31.20 2 1
 20160426 1200 31.47 2 1
 20160427 1200 31.58 2 1
 20160428 1200 31.78 2 1
 20160429 1200 31.62 2 1
 20160430 1200 31.32 2 1
 20160501 1200 31.58 2 1
 20160502 1200 31.29 2 1
 20160503 1200 31.32 2 1
 20160504 1200 30.94 2 1
 20160505 1200 31.16 2 1
 20160506 1200 31.10 2 1
 20160507 1200 31.20 2 1
 20160508 1200 31.37 2 1
 20160509 1200 31.22 2 1
 20160510 1200 31.30 2 1
 20160511 1200 31.36 2 1
 20160512 1200 30.97 2 1
 20160513 1200 30.86 2 1
 20160514 1200 30.71 2 1
 20160515 1200 30.55 2 1
 20160516 1200 30.66 2 1
 20160517 1200 -9.99 0 0
 20160518 1200 30.43 2 1
 20160519 1200 30.48 2 1
 20160520 1200 30.46 2 1
 20160521 1200 30.45 2 1
 20160522 1200 30.40 2 1
 20160523 1200 30.37 2 1
 20160524 1200 -9.99 0 0
 20160525 1200 30.29 2 1
 20160526 1200 30.24 2 1
 20160527 1200 30.18 2 1
 20160528 1200 30.12 2 1
 20160529 1200 30.11 2 1
 20160530 1200 30.04 2 1
 20160531 1200 30.06 2 1
 20160601 1200 30.06 2 1
 20160602 1200 30.04 2 1
 20160603 1200 30.05 2 1
 20160604 1200 30.03 2 1
 20160605 1200 30.10 2 1
 20160606 1200 30.14 2 1
 20160607 1200 30.18 2 1
 20160608 1200 30.11 2 1
 20160609 1200 30.10 2 1
 20160610 1200 30.15 2 1
 20160611 1200 30.03 2 1
 20160612 1200 29.94 2 1
 20160613 1200 29.93 2 1
 20160614 1200 29.90 2 1
 20160615 1200 29.82 2 1
 20160616 1200 29.80 2 1
 20160617 1200 29.77 2 1
 20160618 1200 29.73 2 1
 20160619 1200 29.56 2 1
 20160620 1200 29.50 2 1
 Time: 1200  5 Mar 2017 to 1200 14 Jun 2017 (index  3763 to  3864,  102 times)
 Depth (M):        1 QUALITY SOURCE
 YYYYMMDD HHMM   SST Q S
 20170305 1200 28.88 2 1
 20170306 1200 29.08 2 1
 20170307 1200 29.19 2 1
 20170308 1200 29.40 2 1
 20170309 1200 29.19 2 1
 20170310 1200 29.81 2 1
 20170311 1200 29.91 2 1
 20170312 1200 29.91 2 1
 20170313 1200 29.63 2 1
 20170314 1200 29.61 2 1
 20170315 1200 29.57 2 1
 20170316 1200 29.66 2 1
 20170317 1200 29.67 2 1
 20170318 1200 29.93 2 1
 20170319 1200 29.89 2 1
 20170320 1200 29.70 2 1
 20170321 1200 29.63 2 1
 20170322 1200 29.57 2 1
 20170323 1200 30.25 2 1
 20170324 1200 30.10 2 1
 20170325 1200 30.01 2 1
 20170326 1200 30.28 2 1
 20170327 1200 30.38 2 1
 20170328 1200 30.16 2 1
 20170329 1200 30.29 2 1
 20170330 1200 30.32 2 1
 20170331 1200 30.20 2 1
 20170401 1200 30.34 2 1
 20170402 1200 30.10 2 1
 20170403 1200 30.36 2 1
 20170404 1200 30.35 2 1
 20170405 1200 30.37 2 1
 20170406 1200 30.14 2 1
 20170407 1200 30.28 2 1
 20170408 1200 30.45 2 1
 20170409 1200 30.45 2 1
 20170410 1200 30.19 2 1
 20170411 1200 29.90 2 1
 20170412 1200 29.79 2 1
 20170413 1200 29.65 2 1
 20170414 1200 29.56 2 1
 20170415 1200 29.35 2 1
 20170416 1200 29.47 2 1
 20170417 1200 29.63 2 1
 20170418 1200 29.69 2 1
 20170419 1200 29.79 2 1
 20170420 1200 29.89 2 1
 20170421 1200 30.20 2 1
 20170422 1200 30.17 2 1
 20170423 1200 30.42 2 1
 20170424 1200 30.52 2 1
 20170425 1200 30.29 2 1
 20170426 1200 30.22 2 1
 20170427 1200 30.16 2 1
 20170428 1200 30.19 2 1
 20170429 1200 30.44 2 1
 20170430 1200 30.94 2 1
 20170501 1200 30.53 2 1
 20170502 1200 30.73 2 1
 20170503 1200 30.61 2 1
 20170504 1200 30.72 2 1
 20170505 1200 30.51 2 1
 20170506 1200 30.51 2 1
 20170507 1200 30.84 2 1
 20170508 1200 31.03 2 1
 20170509 1200 30.38 2 1
 20170510 1200 30.26 2 1
 20170511 1200 30.05 2 1
 20170512 1200 29.98 2 1
 20170513 1200 30.01 2 1
 20170514 1200 29.88 2 1
 20170515 1200 29.88 2 1
 20170516 1200 29.78 2 1
 20170517 1200 29.73 2 1
 20170518 1200 29.69 2 1
 20170519 1200 29.60 2 1
 20170520 1200 29.50 2 1
 20170521 1200 29.40 2 1
 20170522 1200 29.15 2 1
 20170523 1200 28.96 2 1
 20170524 1200 28.89 2 1
 20170525 1200 28.97 2 1
 20170526 1200 29.10 2 1
 20170527 1200 29.15 2 1
 20170528 1200 29.13 2 1
 20170529 1200 29.19 2 1
 20170530 1200 29.17 2 1
 20170531 1200 29.14 2 1
 20170601 1200 29.01 2 1
 20170602 1200 28.99 2 1
 20170603 1200 28.99 2 1
 20170604 1200 29.13 2 1
 20170605 1200 29.13 2 1
 20170606 1200 29.18 2 1
 20170607 1200 29.11 2 1
 20170608 1200 29.12 2 1
 20170609 1200 29.16 2 1
 20170610 1200 29.17 2 1
 20170611 1200 29.19 2 1
 20170612 1200 29.24 2 1
 20170613 1200 29.17 2 1
 20170614 1200 29.23 2 1
 Time: 1200  4 Jun 2018 to 1200 31 Jul 2018 (index  4219 to  4276,   58 times)
 Depth (M):        1 QUALITY SOURCE
 YYYYMMDD HHMM   SST Q S
 20180604 1200 29.79 2 1
 20180605 1200 29.82 2 1
 20180606 1200 29.90 2 1
 20180607 1200 29.88 2 1
 20180608 1200 29.76 2 1
 20180609 1200 29.55 2 1
 20180610 1200 29.51 2 1
 20180611 1200 29.47 2 1
 20180612 1200 29.50 2 1
 20180613 1200 29.62 2 1
 20180614 1200 29.64 2 1
 20180615 1200 29.58 2 1
 20180616 1200 29.52 2 1
 20180617 1200 29.46 2 1
 20180618 1200 29.37 2 1
 20180619 1200 29.32 2 1
 20180620 1200 29.31 2 1
 20180621 1200 29.42 2 1
 20180622 1200 29.42 2 1
 20180623 1200 29.34 2 1
 20180624 1200 29.35 2 1
 20180625 1200 29.40 2 1
 20180626 1200 29.47 2 1
 20180627 1200 29.45 2 1
 20180628 1200 29.41 2 1
 20180629 1200 29.36 2 1
 20180630 1200 29.40 2 1
 20180701 1200 29.43 2 1
 20180702 1200 29.47 2 1
 20180703 1200 29.49 2 1
 20180704 1200 29.42 2 1
 20180705 1200 29.30 2 1
 20180706 1200 29.20 2 1
 20180707 1200 29.14 2 1
 20180708 1200 29.10 2 1
 20180709 1200 29.01 2 1
 20180710 1200 28.99 2 1
 20180711 1200 29.01 2 1
 20180712 1200 29.06 2 1
 20180713 1200 28.99 2 1
 20180714 1200 29.09 2 1
 20180715 1200 29.05 2 1
 20180716 1200 29.04 2 1
 20180717 1200 28.92 2 1
 20180718 1200 28.77 2 1
 20180719 1200 28.72 2 1
 20180720 1200 28.71 2 1
 20180721 1200 28.67 2 1
 20180722 1200 28.81 2 1
 20180723 1200 28.76 2 1
 20180724 1200 28.72 2 1
 20180725 1200 28.71 2 1
 20180726 1200 28.61 2 1
 20180727 1200 28.61 2 1
 20180728 1200 28.60 2 1
 20180729 1200 28.53 2 1
 20180730 1200 28.52 2 1
 20180731 1200 28.61 2 1
