 Location:  4N  90E  17 Nov 2006 to 31 Jul 2018 ( 4275 times,  8 blocks) Gen. Date Feb 18 2025
 Units: Shortwave Radiation (W/m**2),  -999.99 = missing
 Time: 1200 17 Nov 2006 to 1200  5 Jan 2008 (index     1 to   415,  415 times)
 Depth (M):       -3.5    -3.5    -3.5 QUALITY and SOURCE
 YYYYMMDD HHMM   SWRad   StDev     Max Q S
 20061117 1200  250.13  358.01 1105.66 2 5
 20061118 1200  226.62  331.59 1098.94 2 5
 20061119 1200  251.29  346.00 1077.89 2 5
 20061120 1200  168.93  294.11 1292.48 2 5
 20061121 1200   95.26  163.48  622.72 2 5
 20061122 1200  208.17  290.26 1032.64 2 5
 20061123 1200  173.87  288.74 1226.18 2 5
 20061124 1200  261.19  354.47  991.42 2 5
 20061125 1200  218.69  317.22 1191.23 2 5
 20061126 1200  159.64  242.01 1102.98 2 5
 20061127 1200  169.51  306.20 1108.80 2 5
 20061128 1200  269.49  353.70  990.98 2 5
 20061129 1200  269.27  356.46 1015.17 2 5
 20061130 1200   80.15  182.00 1013.82 2 5
 20061201 1200  243.37  343.35 1110.59 2 5
 20061202 1200  169.46  289.03 1178.69 2 5
 20061203 1200  200.67  304.70 1080.58 2 5
 20061204 1200  117.05  161.17  566.72 2 5
 20061205 1200  220.40  316.27 1047.42 2 5
 20061206 1200  241.42  337.32 1048.32 2 5
 20061207 1200  221.05  289.55 1051.90 2 5
 20061208 1200  231.55  322.94  995.90 2 5
 20061209 1200  111.84  155.43  678.72 2 5
 20061210 1200  202.59  289.22 1337.28 2 5
 20061211 1200  231.86  339.03 1086.85 2 5
 20061212 1200  231.06  322.06 1154.50 2 5
 20061213 1200  256.74  356.68 1046.08 2 5
 20061214 1200  258.59  349.92  971.26 2 5
 20061215 1200  233.90  348.49 1199.30 2 5
 20061216 1200  132.95  247.31 1249.02 2 5
 20061217 1200  256.54  339.36  973.50 2 5
 20061218 1200  223.16  309.67 1082.37 2 5
 20061219 1200  137.26  256.12 1130.30 2 5
 20061220 1200   29.12   49.62  242.82 2 5
 20061221 1200  237.34  343.74 1040.70 2 5
 20061222 1200   10.35   20.82   92.29 2 5
 20061223 1200  182.61  263.63 1107.46 2 5
 20061224 1200   85.77  113.24  437.70 2 5
 20061225 1200   66.05  104.98  515.20 2 5
 20061226 1200  178.50  277.32 1021.89 2 5
 20061227 1200  171.15  253.60 1166.59 2 5
 20061228 1200  133.59  205.58 1118.21 2 5
 20061229 1200  251.45  336.87 1066.69 2 5
 20061230 1200  141.30  207.66  997.25 2 5
 20061231 1200  252.98  339.13  986.50 2 5
 20070101 1200  249.23  339.62 1044.74 2 5
 20070102 1200  196.95  288.36 1107.46 2 5
 20070103 1200  210.72  289.75 1064.45 2 5
 20070104 1200  240.84  329.48 1130.30 2 5
 20070105 1200  256.25  341.74 1029.06 2 5
 20070106 1200  256.04  341.81 1027.26 2 5
 20070107 1200  264.96  349.12 1045.18 2 5
 20070108 1200  261.44  350.16 1004.86 2 5
 20070109 1200  155.36  221.11  761.60 2 5
 20070110 1200  271.80  356.47 1085.06 2 5
 20070111 1200  270.13  347.31 1122.69 2 5
 20070112 1200  282.41  367.94  981.12 2 5
 20070113 1200  194.39  304.09 1237.38 2 5
 20070114 1200  106.19  192.78  953.34 2 5
 20070115 1200  249.20  347.88 1279.04 2 5
 20070116 1200  274.01  360.85 1041.15 2 5
 20070117 1200  241.64  349.84 1185.41 2 5
 20070118 1200  213.77  317.49 1320.26 2 5
 20070119 1200  139.40  243.14 1089.54 2 5
 20070120 1200  196.79  316.94 1236.48 2 5
 20070121 1200   47.83   70.78  407.68 2 5
 20070122 1200  186.64  269.36 1266.50 2 5
 20070123 1200   94.72  130.72  512.51 2 5
 20070124 1200  137.93  192.81  996.35 2 5
 20070125 1200  266.80  360.56 1208.26 2 5
 20070126 1200  266.74  362.97 1074.30 2 5
 20070127 1200  137.74  174.71  623.17 2 5
 20070128 1200  255.60  348.24 1059.07 2 5
 20070129 1200  254.53  348.84  982.46 2 5
 20070130 1200   78.95  149.52  870.02 2 5
 20070131 1200  202.88  300.93 1094.02 2 5
 20070201 1200  274.70  370.30 1007.55 2 5
 20070202 1200  218.47  302.04  976.19 2 5
 20070203 1200  245.39  338.13 1052.80 2 5
 20070204 1200  191.39  255.46 1235.58 2 5
 20070205 1200  284.25  373.67  999.49 2 5
 20070206 1200  281.93  374.55 1016.51 2 5
 20070207 1200  296.62  387.79 1049.22 2 5
 20070208 1200  291.16  381.56 1105.22 2 5
 20070209 1200  294.43  386.59 1119.10 2 5
 20070210 1200  284.97  379.09 1192.58 2 5
 20070211 1200  278.97  369.19 1121.34 2 5
 20070212 1200  268.03  363.16 1100.29 2 5
 20070213 1200  295.91  387.41 1168.83 2 5
 20070214 1200  258.55  362.26 1190.78 2 5
 20070215 1200  275.48  369.90 1098.50 2 5
 20070216 1200  292.20  392.67 1113.28 2 5
 20070217 1200  284.03  374.71 1176.90 2 5
 20070218 1200  232.62  328.45 1179.58 2 5
 20070219 1200  147.51  199.90  928.26 2 5
 20070220 1200  297.72  388.69 1061.76 2 5
 20070221 1200  270.56  368.23 1186.75 2 5
 20070222 1200  234.42  314.60 1290.69 2 5
 20070223 1200  294.13  392.72 1097.15 2 5
 20070224 1200  308.90  401.13 1245.89 2 5
 20070225 1200  301.25  389.81 1107.01 2 5
 20070226 1200  292.93  386.08 1100.74 2 5
 20070227 1200  269.01  366.23 1107.90 2 5
 20070228 1200  216.72  306.25 1301.44 2 5
 20070301 1200  297.59  379.98 1098.94 2 5
 20070302 1200  297.17  386.44 1112.83 2 5
 20070303 1200  253.28  360.90 1209.60 2 5
 20070304 1200  226.41  301.64 1109.70 2 5
 20070305 1200  274.97  364.17 1158.08 2 5
 20070306 1200  270.20  371.80 1145.09 2 5
 20070307 1200  279.17  374.06 1251.26 2 5
 20070308 1200  196.33  286.17 1065.79 2 5
 20070309 1200  290.48  385.80 1135.68 2 5
 20070310 1200  264.31  381.62 1154.94 2 5
 20070311 1200  222.09  331.26 1174.21 2 5
 20070312 1200  237.08  332.95 1020.10 2 5
 20070313 1200  205.28  292.82 1134.78 2 5
 20070314 1200  256.62  352.86 1218.56 2 5
 20070315 1200  271.05  368.92 1101.18 2 5
 20070316 1200  286.08  401.83 1130.75 2 5
 20070317 1200  235.40  347.19 1200.19 2 5
 20070318 1200  279.73  369.32 1152.70 2 5
 20070319 1200  274.59  354.17 1081.92 2 5
 20070320 1200  313.70  405.65 1168.83 2 5
 20070321 1200  299.24  395.15 1238.27 2 5
 20070322 1200  236.36  311.38 1105.66 2 5
 20070323 1200  306.30  400.76 1079.68 2 5
 20070324 1200  329.17  416.54 1091.78 2 5
 20070325 1200  316.73  403.50 1097.15 2 5
 20070326 1200  310.44  406.02 1179.58 2 5
 20070327 1200  312.07  399.04 1051.01 2 5
 20070328 1200  313.13  399.37 1055.49 2 5
 20070329 1200  317.73  403.38 1068.03 2 5
 20070330 1200  299.77  392.98 1160.32 2 5
 20070331 1200  302.86  386.57 1151.81 2 5
 20070401 1200  240.13  340.98 1309.50 2 5
 20070402 1200  292.04  392.72 1271.87 2 5
 20070403 1200  125.37  196.51 1046.53 2 5
 20070404 1200  268.09  376.72 1215.42 2 5
 20070405 1200  121.58  200.82  807.30 2 5
 20070406 1200  162.01  246.99  963.65 2 5
 20070407 1200  106.41  154.89  866.88 2 5
 20070408 1200  302.67  385.50 1314.88 2 5
 20070409 1200  278.55  352.45 1211.39 2 5
 20070410 1200  296.90  384.71 1169.28 2 5
 20070411 1200  193.19  251.74 1089.98 2 5
 20070412 1200  299.68  375.72 1092.67 2 5
 20070413 1200  208.95  271.50 1184.51 2 5
 20070414 1200  280.58  378.05 1331.46 2 5
 20070415 1200  259.80  346.62 1148.22 2 5
 20070416 1200  298.55  384.13 1097.60 2 5
 20070417 1200  308.92  396.35 1080.58 2 5
 20070418 1200  291.07  378.41 1147.78 2 5
 20070419 1200  294.62  382.01 1040.26 2 5
 20070420 1200  278.00  383.55 1187.20 2 5
 20070421 1200  256.25  383.51 1070.27 2 5
 20070422 1200  120.81  201.33  865.09 2 5
 20070423 1200  204.89  322.35 1152.26 2 5
 20070424 1200  149.73  277.69 1197.50 2 5
 20070425 1200  165.99  245.55  991.87 2 5
 20070426 1200  246.71  375.00 1170.62 2 5
 20070427 1200  224.70  352.54 1180.03 2 5
 20070428 1200   92.97  189.24 1042.94 2 5
 20070429 1200  250.72  365.70 1245.44 2 5
 20070430 1200  145.51  217.58 1031.74 2 5
 20070501 1200  292.84  383.91 1226.62 2 5
 20070502 1200  185.58  258.78 1308.16 2 5
 20070503 1200   72.23   90.63  313.60 2 5
 20070504 1200  162.34  225.93  966.78 2 5
 20070505 1200  131.81  170.18  582.85 2 5
 20070506 1200  165.09  211.15  773.25 2 5
 20070507 1200   92.51  118.75  478.02 2 5
 20070508 1200  210.83  308.05 1246.78 2 5
 20070509 1200  210.37  291.86 1062.21 2 5
 20070510 1200  112.66  180.24  897.79 2 5
 20070511 1200  288.73  371.65 1027.71 2 5
 20070512 1200  163.98  280.46 1089.54 2 5
 20070513 1200  265.91  347.23 1137.92 2 5
 20070514 1200  242.61  340.43 1056.38 2 5
 20070515 1200  199.34  263.59  956.03 2 5
 20070516 1200  285.93  370.80 1021.44 2 5
 20070517 1200  248.67  357.56 1034.88 2 5
 20070518 1200  213.45  268.24  899.58 2 5
 20070519 1200  288.79  367.69 1022.34 2 5
 20070520 1200  294.89  376.70 1113.28 2 5
 20070521 1200  245.65  343.76 1169.28 2 5
 20070522 1200  284.55  368.68 1060.86 2 5
 20070523 1200  283.37  366.96  996.80 2 5
 20070524 1200  288.81  368.16  977.09 2 5
 20070525 1200  259.11  344.25 1054.59 2 5
 20070526 1200  215.36  303.03 1115.97 2 5
 20070527 1200  225.51  337.42 1261.12 2 5
 20070528 1200  281.47  355.94 1172.86 2 5
 20070529 1200  257.98  345.42 1214.98 2 5
 20070530 1200  243.42  349.51 1081.92 2 5
 20070531 1200  194.44  261.11  836.86 2 5
 20070601 1200  197.47  290.92 1138.82 2 5
 20070602 1200  279.91  372.40  999.04 2 5
 20070603 1200  123.76  169.66  528.19 2 5
 20070604 1200  240.51  320.44 1111.04 2 5
 20070605 1200  261.77  347.55 1051.01 2 5
 20070606 1200   77.99  100.64  301.50 2 5
 20070607 1200  263.71  361.59 1055.49 2 5
 20070608 1200  202.52  303.63 1229.31 2 5
 20070609 1200  278.54  357.12  957.82 2 5
 20070610 1200  277.45  359.58 1072.51 2 5
 20070611 1200  134.64  215.03  878.53 2 5
 20070612 1200   53.17   74.14  316.74 2 5
 20070613 1200  173.19  271.40 1163.01 2 5
 20070614 1200   61.53  109.24  710.98 2 5
 20070615 1200  115.87  160.95  944.83 2 5
 20070616 1200  189.49  258.82 1071.17 2 5
 20070617 1200  196.13  260.26 1015.62 2 5
 20070618 1200  177.54  273.33 1147.78 2 5
 20070619 1200  165.20  248.53  962.30 2 5
 20070620 1200  160.73  238.86  843.58 2 5
 20070621 1200  247.63  338.74  997.70 2 5
 20070622 1200  211.46  266.67  827.90 2 5
 20070623 1200  272.74  351.95 1064.90 2 5
 20070624 1200  205.26  276.45 1034.43 2 5
 20070625 1200  154.96  220.11 1142.40 2 5
 20070626 1200   55.15  100.52  633.92 2 5
 20070627 1200  155.68  202.38  723.97 2 5
 20070628 1200  141.21  198.43  868.22 2 5
 20070629 1200  252.52  328.81 1082.82 2 5
 20070630 1200  267.73  354.89 1017.86 2 5
 20070701 1200  274.57  347.71  929.15 2 5
 20070702 1200  269.42  343.92 1028.16 2 5
 20070703 1200  269.77  337.56 1000.83 2 5
 20070704 1200  254.50  319.45  935.87 2 5
 20070705 1200  267.72  353.93 1173.31 2 5
 20070706 1200  275.56  366.56  986.05 2 5
 20070707 1200  219.52  294.47 1038.02 2 5
 20070708 1200  167.98  248.27  882.11 2 5
 20070709 1200  222.79  310.33 1041.60 2 5
 20070710 1200  148.35  190.91  554.18 2 5
 20070711 1200  268.79  357.81 1081.02 2 5
 20070712 1200  191.11  264.37 1097.15 2 5
 20070713 1200  218.32  323.74 1076.10 2 5
 20070714 1200  251.16  340.73 1068.48 2 5
 20070715 1200  157.52  197.99  605.70 2 5
 20070716 1200  219.50  316.15 1240.51 2 5
 20070717 1200  238.20  325.10 1156.74 2 5
 20070718 1200  206.95  293.76 1070.27 2 5
 20070719 1200  171.53  255.99 1147.33 2 5
 20070720 1200   69.91  113.00  468.61 2 5
 20070721 1200  119.26  165.77  711.42 2 5
 20070722 1200  172.29  273.82  953.79 2 5
 20070723 1200  185.56  239.46  873.15 2 5
 20070724 1200   69.62   86.22  243.71 2 5
 20070725 1200  280.34  358.66 1008.00 2 5
 20070726 1200  278.46  363.33 1081.02 2 5
 20070727 1200  259.75  338.98  997.25 2 5
 20070728 1200  253.97  340.75  999.94 2 5
 20070729 1200  215.59  292.37 1169.73 2 5
 20070730 1200   98.76  149.31  660.35 2 5
 20070731 1200  135.07  180.43  622.72 2 5
 20070801 1200  289.82  372.63 1040.26 2 5
 20070802 1200  264.62  349.70 1232.00 2 5
 20070803 1200  289.37  369.83 1055.94 2 5
 20070804 1200  279.90  363.79 1072.96 2 5
 20070805 1200  300.43  382.99 1064.90 2 5
 20070806 1200  293.89  370.12 1130.30 2 5
 20070807 1200  232.99  315.32 1042.94 2 5
 20070808 1200  220.72  297.96 1159.42 2 5
 20070809 1200  237.17  299.10  952.90 2 5
 20070810 1200  217.62  289.64  909.89 2 5
 20070811 1200  220.89  326.79 1123.58 2 5
 20070812 1200  215.76  318.21 1146.88 2 5
 20070813 1200  108.59  145.56  600.77 2 5
 20070814 1200  271.69  359.28 1091.33 2 5
 20070815 1200  117.36  153.86  657.22 2 5
 20070816 1200  228.59  303.66  914.37 2 5
 20070817 1200  194.55  287.97 1048.32 2 5
 20070818 1200  256.31  331.46 1100.29 2 5
 20070819 1200   99.51  138.03  518.78 2 5
 20070820 1200   61.88  102.30  716.35 2 5
 20070821 1200  150.59  224.03  970.37 2 5
 20070822 1200  188.70  273.21  950.66 2 5
 20070823 1200  198.83  280.99 1185.41 2 5
 20070824 1200  259.97  366.58 1149.57 2 5
 20070825 1200  277.77  381.75 1122.24 2 5
 20070826 1200  264.54  353.66 1272.32 2 5
 20070827 1200  289.08  377.93 1167.94 2 5
 20070828 1200  253.36  348.57 1213.18 2 5
 20070829 1200  212.21  279.29  889.28 2 5
 20070830 1200  113.18  183.20  760.70 2 5
 20070831 1200  113.20  154.20  720.83 2 5
 20070901 1200   67.14   89.00  314.50 2 5
 20070902 1200  204.34  299.11 1319.36 2 5
 20070903 1200  246.68  341.52 1246.34 2 5
 20070904 1200  256.74  332.20 1145.54 2 5
 20070905 1200  244.25  323.89  921.54 2 5
 20070906 1200  228.95  347.09 1093.12 2 5
 20070907 1200  217.94  352.32 1121.34 2 5
 20070908 1200  205.80  303.64 1316.67 2 5
 20070909 1200  245.90  338.23 1304.13 2 5
 20070910 1200  261.87  377.40 1256.19 2 5
 20070911 1200  297.52  388.73 1059.07 2 5
 20070912 1200  287.65  379.27 1204.22 2 5
 20070913 1200  162.02  239.16 1107.01 2 5
 20070914 1200  150.40  224.88 1056.83 2 5
 20070915 1200  173.59  246.75  941.70 2 5
 20070916 1200  265.81  368.68 1092.67 2 5
 20070917 1200  221.22  317.84 1196.16 2 5
 20070918 1200  191.69  265.40 1049.22 2 5
 20070919 1200  147.32  216.83  981.12 2 5
 20070920 1200  297.34  382.97 1184.51 2 5
 20070921 1200  290.95  382.11 1103.87 2 5
 20070922 1200  288.20  379.19 1078.78 2 5
 20070923 1200  162.99  266.91 1346.24 2 5
 20070924 1200  291.50  382.82 1065.34 2 5
 20070925 1200  277.54  375.35 1323.84 2 5
 20070926 1200  205.04  306.99 1115.07 2 5
 20070927 1200  269.19  367.49 1153.15 2 5
 20070928 1200  285.52  393.28 1058.62 2 5
 20070929 1200  182.30  253.34 1087.30 2 5
 20070930 1200  108.78  179.18 1122.24 2 5
 20071001 1200  188.61  263.62  976.19 2 5
 20071002 1200  275.53  371.04 1142.85 2 5
 20071003 1200  253.91  344.77 1071.62 2 5
 20071004 1200  128.01  189.63  863.30 2 5
 20071005 1200   70.29  106.15  454.27 2 5
 20071006 1200  112.96  179.68 1128.06 2 5
 20071007 1200 -999.99 -999.99 -999.99 0 0
 20071008 1200  252.73  324.62 1060.79 2 1
 20071009 1200  229.45  322.76 1339.77 2 1
 20071010 1200  296.98  383.77 1126.93 2 1
 20071011 1200  280.68  369.33 1142.76 2 1
 20071012 1200  276.49  379.11 1054.27 2 1
 20071013 1200  112.08  155.56  689.13 2 1
 20071014 1200   95.78  131.34  487.00 2 1
 20071015 1200  173.09  259.42 1293.66 2 1
 20071016 1200  262.98  375.85 -999.99 2 1
 20071017 1200  122.33  194.68  869.37 2 1
 20071018 1200  264.38  373.06 1092.46 2 1
 20071019 1200   73.42  123.42  513.08 2 1
 20071020 1200  161.91  216.57  780.42 2 1
 20071021 1200   55.26  101.07  773.90 2 1
 20071022 1200  125.12  195.61  908.96 2 1
 20071023 1200  174.02  265.47 1345.36 2 1
 20071024 1200  111.15  183.50  972.77 2 1
 20071025 1200  182.87  302.73 1254.07 2 1
 20071026 1200   93.45  129.48  456.26 2 1
 20071027 1200  168.90  229.14  961.59 2 1
 20071028 1200  242.49  325.55 1144.16 2 1
 20071029 1200  276.02  364.67 1157.20 2 1
 20071030 1200  208.49  335.80 1151.61 2 1
 20071031 1200  198.71  301.80 1088.27 2 1
 20071101 1200  244.82  339.99 1238.24 2 1
 20071102 1200   39.43   61.01  233.64 2 1
 20071103 1200  215.94  306.92 1174.90 2 1
 20071104 1200  249.47  357.22 1159.06 2 1
 20071105 1200  276.02  358.15 1066.85 2 1
 20071106 1200  227.58  311.58 1193.53 2 1
 20071107 1200   62.71   84.76  308.16 2 1
 20071108 1200   85.53  166.27  833.04 2 1
 20071109 1200   65.97   98.74  434.37 2 1
 20071110 1200  187.53  298.07 1114.35 2 1
 20071111 1200  263.45  353.50 1103.64 2 1
 20071112 1200  264.84  354.43 1115.75 2 1
 20071113 1200  256.46  342.78 1006.77 2 1
 20071114 1200  278.82  370.26 1156.27 2 1
 20071115 1200  275.56  367.00 1173.97 2 1
 20071116 1200  272.76  375.39 1028.66 2 1
 20071117 1200  296.05  385.17 1099.91 2 1
 20071118 1200  265.31  371.19 1247.55 2 1
 20071119 1200  268.10  357.69 1104.57 2 1
 20071120 1200  174.02  263.61 -999.99 2 1
 20071121 1200  234.57  341.39 1123.20 2 1
 20071122 1200  260.65  347.44 1020.27 2 1
 20071123 1200  264.38  346.98  982.55 2 1
 20071124 1200  266.71  349.30  977.42 2 1
 20071125 1200  285.80  373.52 1126.46 2 1
 20071126 1200  244.35  343.72 1214.95 2 1
 20071127 1200  235.97  340.46 1105.50 2 1
 20071128 1200  230.38  343.25 1140.43 2 1
 20071129 1200  268.57  339.52  995.59 2 1
 20071130 1200  262.05  355.82 1077.09 2 1
 20071201 1200  134.90  221.69 1235.91 2 1
 20071202 1200   67.84  110.85  437.63 2 1
 20071203 1200   91.12  134.13  471.17 2 1
 20071204 1200  267.64  357.69 1047.28 2 1
 20071205 1200  271.83  358.62 1023.07 2 1
 20071206 1200  271.36  363.74 1078.02 2 1
 20071207 1200  189.39  285.50 1071.50 2 1
 20071208 1200  139.56  224.49 1038.44 2 1
 20071209 1200   65.51  105.72  459.99 2 1
 20071210 1200  111.62  154.16  584.81 2 1
 20071211 1200   97.64  146.71  697.05 2 1
 20071212 1200  139.09  191.42  980.22 2 1
 20071213 1200  154.93  224.49 1100.38 2 1
 20071214 1200  142.35  206.79 1109.69 2 1
 20071215 1200  141.89  195.14  773.90 2 1
 20071216 1200  249.47  320.43 1021.20 2 1
 20071217 1200  265.77  351.17 1110.16 2 1
 20071218 1200  254.13  353.03 1071.04 2 1
 20071219 1200  269.97  360.48 1051.01 2 1
 20071220 1200  195.45  282.70 1099.91 2 1
 20071221 1200  207.56  330.67 1316.48 2 1
 20071222 1200  184.27  282.24 1184.21 2 1
 20071223 1200  227.58  310.18 1104.10 2 1
 20071224 1200   79.94  128.54  775.76 2 1
 20071225 1200  236.90  334.40 1118.08 2 1
 20071226 1200  140.03  190.02  929.92 2 1
 20071227 1200  203.83  282.70 1035.64 2 1
 20071228 1200  206.63  274.32 1009.56 2 1
 20071229 1200  203.37  269.20  943.42 2 1
 20071230 1200  217.80  312.98  973.23 2 1
 20071231 1200  226.65  315.77 1044.49 2 1
 20080101 1200  164.71  274.79 1095.72 2 1
 20080102 1200  169.83  253.36 1001.18 2 1
 20080103 1200  247.15  325.09  929.45 2 1
 20080104 1200  197.31  285.96 1153.47 2 1
 20080105 1200  247.61  326.02  944.36 2 1
 Time: 1200  5 Jul 2010 to 1200 27 Jul 2010 (index  1327 to  1349,   23 times)
 Depth (M):       -3.5    -3.5    -3.5 QUALITY and SOURCE
 YYYYMMDD HHMM   SWRad   StDev     Max Q S
 20100705 1200  277.93  352.38 1002.70 2 5
 20100706 1200  271.63  350.73 1033.42 2 5
 20100707 1200  260.47  349.98 1131.11 2 5
 20100708 1200  196.76  285.39 1202.36 2 5
 20100709 1200  268.71  353.55  989.90 2 5
 20100710 1200  271.55  353.68 1043.23 2 5
 20100711 1200  155.93  196.72  759.96 2 5
 20100712 1200  248.63  336.83 1034.70 2 5
 20100713 1200  202.56  294.48 1012.09 2 5
 20100714 1200   24.04   31.86  102.12 2 5
 20100715 1200   71.53   97.87  424.22 2 5
 20100716 1200   49.32  107.86  867.04 2 5
 20100717 1200  178.62  280.64 1091.87 2 5
 20100718 1200  256.86  346.10  988.62 2 5
 20100719 1200  203.14  275.76  978.81 2 5
 20100720 1200  203.20  273.41  982.65 2 5
 20100721 1200  248.10  338.34  997.16 2 5
 20100722 1200  263.91  348.08 1096.56 2 5
 20100723 1200   98.66  128.35  577.37 2 5
 20100724 1200  178.59  231.43  919.94 2 5
 20100725 1200   78.57  113.62  426.78 2 5
 20100726 1200  251.25  324.18  960.89 2 5
 20100727 1200  167.21  232.76  989.05 2 5
 Time: 1200  6 Jun 2011 to 1200 19 Dec 2013 (index  1663 to  2590,  928 times)
 Depth (M):       -3.5    -3.5    -3.5 QUALITY and SOURCE
 YYYYMMDD HHMM   SWRad   StDev     Max Q S
 20110606 1200  223.96  307.25 1081.01 1 1
 20110607 1200  268.42  340.71 1011.02 1 1
 20110608 1200  277.22  350.83  982.85 1 1
 20110609 1200  201.95  255.31  925.18 1 1
 20110610 1200  234.52  314.30 1069.13 1 1
 20110611 1200  264.02  345.55 1122.39 1 1
 20110612 1200  253.01  336.75 1044.48 1 1
 20110613 1200  285.58  365.36 1033.91 1 1
 20110614 1200  109.51  130.74  550.14 1 1
 20110615 1200  184.78  290.53 1071.77 1 1
 20110616 1200  278.54  365.36 1072.21 1 1
 20110617 1200  291.75  368.88 1029.07 1 1
 20110618 1200  294.83  372.84  989.01 1 1
 20110619 1200  286.91  365.80  996.06 1 1
 20110620 1200  269.74  353.91 1055.92 1 1
 20110621 1200  289.99  369.32 1051.52 1 1
 20110622 1200  256.97  356.56 1051.52 1 1
 20110623 1200  279.86  360.52 1080.57 1 1
 20110624 1200  258.29  326.18  976.25 1 1
 20110625 1200  210.31  296.25 1009.26 1 1
 20110626 1200   97.62  165.51  852.11 1 1
 20110627 1200  211.63  279.08  911.10 1 1
 20110628 1200   85.30  114.89  496.00 1 1
 20110629 1200   36.88   62.95  409.72 1 1
 20110630 1200  188.30  276.44 1105.66 1 1
 20110701 1200   94.98  141.30  809.85 1 1
 20110702 1200  220.88  312.98 1130.31 1 1
 20110703 1200  201.95  277.76 1021.15 1 1
 20110704 1200  160.13  219.22  813.82 1 1
 20110705 1200  259.61  342.47 1001.34 1 1
 20110706 1200  277.66  353.91  969.20 1 1
 20110707 1200  282.94  357.00 1091.58 1 1
 20110708 1200  285.58  364.04 1037.87 1 1
 20110709 1200  249.05  346.43 1140.88 1 1
 20110710 1200  157.05  257.95 1037.87 1 1
 20110711 1200  132.40  197.21  753.51 1 1
 20110712 1200  154.85  220.54  868.40 1 1
 20110713 1200   87.06  126.78  523.73 1 1
 20110714 1200   77.37  113.13  699.37 1 1
 20110715 1200  220.88  296.69  968.32 1 1
 20110716 1200  254.33  333.23 1049.76 1 1
 20110717 1200  293.07  370.64 1006.18 1 1
 20110718 1200  284.70  365.36 1013.22 1 1
 20110719 1200  272.82  343.79  936.63 1 1
 20110720 1200  260.49  344.67 1049.76 1 1
 20110721 1200   95.42  150.11  894.81 1 1
 20110722 1200  262.69  338.95 1048.88 1 1
 20110723 1200  231.88  322.22 1127.67 1 1
 20110724 1200   70.77   91.56  425.13 1 1
 20110725 1200  150.89  259.71 1178.73 1 1
 20110726 1200  203.71  279.52 1306.83 1 1
 20110727 1200  200.19  296.69 1168.61 1 1
 20110728 1200  252.57  327.50 1347.33 1 1
 20110729 1200  258.29  338.07 1205.59 1 1
 20110730 1200  253.89  327.50 1072.21 1 1
 20110731 1200  227.04  303.73 1078.37 1 1
 20110801 1200  122.27  168.59  931.35 1 1
 20110802 1200  141.20  202.49 1157.17 1 1
 20110803 1200  289.11  378.13 1049.32 1 1
 20110804 1200  279.86  374.60 1105.22 1 1
 20110805 1200  278.54  372.84 1173.45 1 1
 20110806 1200  300.55  378.57 1051.52 1 1
 20110807 1200  290.87  379.89 1134.28 1 1
 20110808 1200  274.14  364.48 1141.32 1 1
 20110809 1200  241.13  334.11 1131.63 1 1
 20110810 1200  254.33  350.39 1075.73 1 1
 20110811 1200  283.82  378.57 1071.33 1 1
 20110812 1200  303.63  390.01 1176.97 1 1
 20110813 1200  175.10  240.34 1089.38 1 1
 20110814 1200  201.51  266.32 1141.76 1 1
 20110815 1200  186.98  288.77 1195.46 1 1
 20110816 1200  295.71  389.57 1127.67 1 1
 20110817 1200  234.08  329.26 1194.58 1 1
 20110818 1200  282.50  371.08 1114.03 1 1
 20110819 1200  270.62  369.32 1092.90 1 1
 20110820 1200  243.77  312.98 1088.94 1 1
 20110821 1200  291.31  384.73 1148.36 1 1
 20110822 1200  275.02  384.29 1172.13 1 1
 20110823 1200   43.92   94.64  777.28 1 1
 20110824 1200   71.21   91.56  421.60 1 1
 20110825 1200  238.48  337.63 1395.31 1 1
 20110826 1200  266.22  365.80 1119.31 1 1
 20110827 1200  187.86  251.35 1147.48 1 1
 20110828 1200   74.29  108.29  329.16 1 1
 20110829 1200  216.47  286.57 1058.56 1 1
 20110830 1200  282.50  376.80 1126.35 1 1
 20110831 1200  298.35  384.29 1124.59 1 1
 20110901 1200  227.48  328.82 1000.90 1 1
 20110902 1200  258.73  338.51 1079.25 1 1
 20110903 1200  155.73  212.17 1033.47 1 1
 20110904 1200   35.12   51.94  188.30 1 1
 20110905 1200  224.40  351.27 1204.27 1 1
 20110906 1200  193.58  276.00 1188.42 1 1
 20110907 1200  270.62  363.16 1123.27 1 1
 20110908 1200  253.45  325.74 1263.69 1 1
 20110909 1200  285.14  386.49 1150.56 1 1
 20110910 1200  100.70  174.32  947.19 1 1
 20110911 1200  147.80  214.37  899.21 1 1
 20110912 1200  235.84  314.30 1073.97 1 1
 20110913 1200  161.45  241.67 1128.55 1 1
 20110914 1200  220.00  324.86 1106.10 1 1
 20110915 1200  162.77  229.34  963.92 1 1
 20110916 1200  223.08  310.78 1256.21 1 1
 20110917 1200  282.94  381.21 1224.96 1 1
 20110918 1200  223.96  348.63 1229.36 1 1
 20110919 1200  202.39  278.64 1162.45 1 1
 20110920 1200  256.97  359.20 1176.97 1 1
 20110921 1200  251.25  363.60 1199.86 1 1
 20110922 1200  293.07  384.29 1164.65 1 1
 20110923 1200  251.69  349.51 1126.35 1 1
 20110924 1200  275.90  369.32 1209.55 1 1
 20110925 1200  157.05  212.61  899.65 1 1
 20110926 1200  237.16  350.39 1170.81 1 1
 20110927 1200  260.49  349.07 1147.92 1 1
 20110928 1200  160.57  210.85  686.16 1 1
 20110929 1200  249.93  329.70 1125.47 1 1
 20110930 1200  213.39  295.37 1067.81 1 1
 20111001 1200  158.37  261.03 1118.43 1 1
 20111002 1200  138.12  238.14 1002.22 1 1
 20111003 1200  261.81  351.27 1292.74 1 1
 20111004 1200  164.53  291.41 1073.09 1 1
 20111005 1200  211.63  296.25 1000.90 1 1
 20111006 1200  301.43  393.97 1158.05 1 1
 20111007 1200  268.86  364.48 1177.41 1 1
 20111008 1200  288.23  385.61 1147.48 1 1
 20111009 1200  131.08  226.70 1066.05 1 1
 20111010 1200   37.76   79.23  594.60 1 1
 20111011 1200  135.04  204.25 1210.87 1 1
 20111012 1200  270.62  382.09 1289.66 1 1
 20111013 1200  288.67  380.77 1121.95 1 1
 20111014 1200  306.71  397.05 1123.71 1 1
 20111015 1200  314.20  400.13 1133.40 1 1
 20111016 1200  299.67  396.17 1155.84 1 1
 20111017 1200  289.55  382.97 1112.71 1 1
 20111018 1200  271.50  371.52 1232.00 1 1
 20111019 1200  219.12  339.39 1283.50 1 1
 20111020 1200   82.22  124.57  720.93 1 1
 20111021 1200  221.76  320.90 1186.66 1 1
 20111022 1200  273.70  357.88 1083.21 1 1
 20111023 1200   48.76   78.79  309.80 1 1
 20111024 1200  249.05  324.86 1052.40 1 1
 20111025 1200  284.26  371.52 1191.50 1 1
 20111026 1200  244.65  374.16 1165.97 1 1
 20111027 1200  117.87  178.72  742.94 1 1
 20111028 1200  248.17  368.88 1391.35 1 1
 20111029 1200  216.03  313.86 1123.27 1 1
 20111030 1200  232.32  323.98 1301.99 1 1
 20111031 1200  207.67  315.18 1372.86 1 1
 20111101 1200   69.01  106.53  415.88 1 1
 20111102 1200   50.08   88.04  431.73 1 1
 20111103 1200  204.15  290.53 1109.62 1 1
 20111104 1200  106.87  149.23  815.14 1 1
 20111105 1200  108.63  186.20 1088.94 1 1
 20111106 1200  219.12  317.82 1180.06 1 1
 20111107 1200  269.30  364.48 1099.06 1 1
 20111108 1200  270.62  362.28 1167.73 1 1
 20111109 1200  282.94  377.24 1093.34 1 1
 20111110 1200  242.89  353.47 1382.54 1 1
 20111111 1200   79.57  114.45  420.28 1 1
 20111112 1200  188.74  289.21 1147.92 1 1
 20111113 1200  228.36  338.07 1101.26 1 1
 20111114 1200  278.10  358.32 1025.99 1 1
 20111115 1200  297.47  380.33 1086.73 1 1
 20111116 1200  288.23  371.52 1106.54 1 1
 20111117 1200  285.58  377.24 1135.60 1 1
 20111118 1200  241.13  348.19 1105.22 1 1
 20111119 1200  280.74  369.32 1062.08 1 1
 20111120 1200  274.14  368.00 1078.81 1 1
 20111121 1200  253.89  343.79 1224.07 1 1
 20111122 1200  244.65  340.27 1222.31 1 1
 20111123 1200  143.84  252.23 1209.55 1 1
 20111124 1200  222.20  320.02 1210.43 1 1
 20111125 1200  257.85  347.31 1081.45 1 1
 20111126 1200   33.35   50.18  248.61 1 1
 20111127 1200  150.01  199.85  945.87 1 1
 20111128 1200  193.58  267.64  973.17 1 1
 20111129 1200  241.13  342.03 1176.53 1 1
 20111130 1200  106.43  199.85 1223.63 1 1
 20111201 1200   54.04   78.35  350.29 1 1
 20111202 1200  200.19  290.97 1057.24 1 1
 20111203 1200  287.35  372.84 1017.18 1 1
 20111204 1200  283.38  366.24  978.89 1 1
 20111205 1200  286.03  367.56 1088.06 1 1
 20111206 1200  282.50  365.80 1052.40 1 1
 20111207 1200  284.26  371.96 1062.96 1 1
 20111208 1200  223.96  314.30 1211.31 1 1
 20111209 1200  278.98  360.08 1120.63 1 1
 20111210 1200  279.42  363.60 1129.87 1 1
 20111211 1200  179.94  250.47  965.24 1 1
 20111212 1200   76.93  114.01  397.39 1 1
 20111213 1200  107.75  169.91 1087.62 1 1
 20111214 1200  273.26  370.20 1184.46 1 1
 20111215 1200  214.71  314.30 1135.60 1 1
 20111216 1200  131.08  185.76  957.32 1 1
 20111217 1200  202.39  331.46 1296.27 1 1
 20111218 1200  240.25  328.38 1147.48 1 1
 20111219 1200  231.44  339.39 1160.25 1 1
 20111220 1200   64.61   99.04  647.42 1 1
 20111221 1200  267.98  350.39 1134.28 1 1
 20111222 1200   87.50  124.57  675.15 1 1
 20111223 1200   56.24   84.52  374.06 1 1
 20111224 1200  163.65  232.42  890.85 1 1
 20111225 1200  164.09  246.07 1043.60 1 1
 20111226 1200  231.44  323.10  984.61 1 1
 20111227 1200  211.63  273.36 1017.18 1 1
 20111228 1200  274.58  357.44  973.17 1 1
 20111229 1200  293.07  379.01 1019.83 1 1
 20111230 1200  298.35  381.65 1022.47 1 1
 20111231 1200  266.22  357.88  995.17 1 1
 20120101 1200  263.14  339.83 1032.15 1 1
 20120102 1200  133.28  187.08  841.99 1 1
 20120103 1200  280.74  362.28 1021.59 1 1
 20120104 1200  234.52  323.54 1110.95 1 1
 20120105 1200  242.45  335.43 1184.90 1 1
 20120106 1200  271.06  355.68 1086.29 1 1
 20120107 1200  152.65  228.02 1146.60 1 1
 20120108 1200  257.41  358.76 1146.16 1 1
 20120109 1200  270.62  360.08 1026.43 1 1
 20120110 1200  263.58  357.44  993.41 1 1
 20120111 1200  234.52  316.06 1017.62 1 1
 20120112 1200  243.77  327.06 1218.35 1 1
 20120113 1200  207.23  280.84  999.14 1 1
 20120114 1200  195.79  281.28 1006.62 1 1
 20120115 1200  201.51  284.36 1146.60 1 1
 20120116 1200   97.18  143.94  632.02 1 1
 20120117 1200  241.13  327.06 1052.40 1 1
 20120118 1200  216.03  320.02 1209.99 1 1
 20120119 1200  275.02  364.48 1089.38 1 1
 20120120 1200  269.30  358.32 1141.32 1 1
 20120121 1200  273.26  361.40 1025.55 1 1
 20120122 1200  272.38  363.16 1069.57 1 1
 20120123 1200  256.53  349.95 1081.45 1 1
 20120124 1200  220.00  285.68  999.58 1 1
 20120125 1200  194.47  275.56 1214.39 1 1
 20120126 1200  242.01  356.12 1157.61 1 1
 20120127 1200  208.11  273.80  944.11 1 1
 20120128 1200  244.21  329.26  964.36 1 1
 20120129 1200  228.80  317.82 1049.76 1 1
 20120130 1200  212.07  300.21 1112.71 1 1
 20120131 1200  243.77  333.23 1108.30 1 1
 20120201 1200  245.97  331.90 1091.58 1 1
 20120202 1200  235.84  329.70 1109.62 1 1
 20120203 1200  231.00  337.63 1194.58 1 1
 20120204 1200  282.50  380.33 1160.69 1 1
 20120205 1200   96.30  147.46  817.34 1 1
 20120206 1200  287.35  388.69 1295.39 1 1
 20120207 1200  290.43  398.37 1373.74 1 1
 20120208 1200  300.55  391.77 1153.64 1 1
 20120209 1200  257.41  358.32 1123.71 1 1
 20120210 1200  184.78  273.80 1335.00 1 1
 20120211 1200  221.76  315.62 1311.23 1 1
 20120212 1200  161.45  254.87 1122.83 1 1
 20120213 1200  155.29  246.95  952.48 1 1
 20120214 1200  127.56  182.24  765.83 1 1
 20120215 1200  141.20  246.95  878.96 1 1
 20120216 1200  137.24  185.76  831.42 1 1
 20120217 1200  245.97  354.79 1092.46 1 1
 20120218 1200  131.52  164.19  601.20 1 1
 20120219 1200  257.41  369.32 -999.99 1 1
 20120220 1200  249.93  341.59 1078.81 1 1
 20120221 1200  220.44  329.70 1197.66 1 1
 20120222 1200  177.74  255.31 1003.54 1 1
 20120223 1200  172.46  253.55 1083.21 1 1
 20120224 1200   16.63   25.09  183.90 1 1
 20120225 1200  177.74  247.39  912.42 1 1
 20120226 1200  216.91  342.91 1272.94 1 1
 20120227 1200  213.39  290.09 1207.79 1 1
 20120228 1200   96.74  169.47 1322.68 1 1
 20120229 1200  190.50  302.85 1343.81 1 1
 20120301 1200  291.75  408.94 1371.98 1 1
 20120302 1200  282.94  372.84 1162.45 1 1
 20120303 1200  163.65  221.86  933.99 1 1
 20120304 1200   60.21   91.56  322.56 1 1
 20120305 1200  137.68  192.36  729.30 1 1
 20120306 1200  179.50  276.88 1269.85 1 1
 20120307 1200  173.34  234.62  906.70 1 1
 20120308 1200  176.42  255.31  959.52 1 1
 20120309 1200  190.06  255.75 1077.49 1 1
 20120310 1200  299.23  390.45 1248.29 1 1
 20120311 1200  277.22  377.68 1038.31 1 1
 20120312 1200  226.60  324.42 1158.93 1 1
 20120313 1200  284.26  368.00 1204.71 1 1
 20120314 1200  269.74  362.28 1110.06 1 1
 20120315 1200  311.56  394.85 1186.66 1 1
 20120316 1200  287.79  386.49 1134.72 1 1
 20120317 1200  244.21  349.51 1220.99 1 1
 20120318 1200  298.35  395.73 1094.22 1 1
 20120319 1200  307.15  393.09 1183.14 1 1
 20120320 1200  266.22  381.65 1096.42 1 1
 20120321 1200  309.36  398.81 1066.49 1 1
 20120322 1200  301.43  396.17 1054.60 1 1
 20120323 1200  299.67  390.89 1180.06 1 1
 20120324 1200  314.20  402.34 1075.29 1 1
 20120325 1200  105.11  195.45  955.56 1 1
 20120326 1200  164.97  220.10  893.05 1 1
 20120327 1200  304.07  409.38 1113.59 1 1
 20120328 1200  249.93  327.94 1121.95 1 1
 20120329 1200  328.72  419.06 1220.99 1 1
 20120330 1200  223.08  372.84 1195.46 1 1
 20120331 1200  112.15  161.99  687.04 1 1
 20120401 1200  308.03  397.05 1076.61 1 1
 20120402 1200  271.06  366.68 1144.84 1 1
 20120403 1200  318.16  403.66 1191.06 1 1
 20120404 1200  300.11  398.81 1108.30 1 1
 20120405 1200  116.99  176.96 1152.32 1 1
 20120406 1200  293.95  392.21 1266.33 1 1
 20120407 1200  318.16  398.81 1119.31 1 1
 20120408 1200  108.63  134.26  418.08 1 1
 20120409 1200  277.22  382.53 1191.06 1 1
 20120410 1200  136.80  182.68  841.99 1 1
 20120411 1200  324.76  415.10 1228.48 1 1
 20120412 1200  209.87  295.81 1070.45 1 1
 20120413 1200  104.67  156.27 1125.47 1 1
 20120414 1200  220.88  313.42 1173.45 1 1
 20120415 1200  130.20  207.33 1130.31 1 1
 20120416 1200  283.38  377.24 1097.30 1 1
 20120417 1200  101.58  183.56  817.78 1 1
 20120418 1200   98.50  173.00  787.40 1 1
 20120419 1200  226.60  325.30 1207.79 1 1
 20120420 1200  176.42  231.98 1029.51 1 1
 20120421 1200  224.40  348.63 1284.82 1 1
 20120422 1200  308.03  395.29 1133.40 1 1
 20120423 1200  214.27  327.94 1176.97 1 1
 20120424 1200  277.22  384.73 1314.75 1 1
 20120425 1200  302.31  383.85 1120.19 1 1
 20120426 1200  304.51  385.61 1032.59 1 1
 20120427 1200  273.26  380.77 1160.25 1 1
 20120428 1200   23.67   36.10  195.35 1 1
 20120429 1200  132.40  187.52  796.21 1 1
 20120430 1200   65.93   90.24  364.82 1 1
 20120501 1200  157.49  225.38  930.47 1 1
 20120502 1200  298.79  395.73 1108.30 1 1
 20120503 1200  203.27  305.93 1213.07 1 1
 20120504 1200  106.87  151.43  677.36 1 1
 20120505 1200  151.33  220.98 1333.24 1 1
 20120506 1200  299.23  385.61 1107.42 1 1
 20120507 1200  234.52  294.05  803.25 1 1
 20120508 1200  293.95  374.16 1035.67 1 1
 20120509 1200  238.48  326.62 1151.88 1 1
 20120510 1200  303.19  381.21 1014.98 1 1
 20120511 1200 -999.99 -999.99 -999.99 0 0
 20120512 1200  265.72  351.85 1148.16 2 1
 20120513 1200  270.41  379.06 1096.55 2 1
 20120514 1200  260.55  364.99 1173.96 2 1
 20120515 1200  215.52  298.37 1118.60 2 1
 20120516 1200  282.60  367.33 1057.15 2 1
 20120517 1200  258.68  348.57 1054.33 2 1
 20120518 1200  234.75  317.14 1116.26 2 1
 20120519 1200  278.85  361.23 1080.60 2 1
 20120520 1200  281.67  357.48 1038.85 2 1
 20120521 1200  215.52  305.88 1297.81 2 1
 20120522 1200  167.67  256.15 1046.82 2 1
 20120523 1200  181.74  248.17 1012.11 2 1
 20120524 1200   56.95   82.10  280.26 2 1
 20120525 1200  139.05  216.74  902.80 2 1
 20120526 1200   77.12  102.27  421.47 2 1
 20120527 1200  203.79  292.74  968.01 2 1
 20120528 1200  201.91  271.63 1134.08 2 1
 20120529 1200  265.72  351.85 1060.90 2 1
 20120530 1200  155.94  224.25  944.08 2 1
 20120531 1200  161.10  243.95  973.64 2 1
 20120601 1200   82.28  118.22  585.20 2 1
 20120602 1200  225.84  302.59  961.44 2 1
 20120603 1200  279.79  358.42 1074.03 2 1
 20120604 1200  257.27  352.32 1118.60 2 1
 20120605 1200  162.04  253.80  977.86 2 1
 20120606 1200   86.97  144.49  679.49 2 1
 20120607 1200  197.69  263.18 1001.79 2 1
 20120608 1200  217.86  301.18  964.73 2 1
 20120609 1200  253.05  338.25 1073.57 2 1
 20120610 1200  158.28  201.73  596.92 2 1
 20120611 1200  248.83  338.72 1080.13 2 1
 20120612 1200  261.49  336.37 1070.28 2 1
 20120613 1200  263.84  341.53  983.49 2 1
 20120614 1200  282.60  357.01  971.29 2 1
 20120615 1200  281.67  357.95 1130.80 2 1
 20120616 1200  262.43  339.18 1060.43 2 1
 20120617 1200  230.06  318.07 1176.31 2 1
 20120618 1200  276.97  360.76 1021.02 2 1
 20120619 1200  246.48  329.80 1171.61 2 1
 20120620 1200  275.10  357.01 1102.18 2 1
 20120621 1200  284.48  361.23 1057.61 2 1
 20120622 1200  280.73  356.54 1019.61 2 1
 20120623 1200  281.20  361.23 1044.48 2 1
 20120624 1200  275.57  356.54 1083.89 2 1
 20120625 1200  291.05  365.46  974.11 2 1
 20120626 1200  251.64  335.90 1078.73 2 1
 20120627 1200  261.49  341.06  996.63 2 1
 20120628 1200  284.48  373.90 1062.78 2 1
 20120629 1200  251.17  351.85 1160.35 2 1
 20120630 1200  196.75  310.10 1187.10 2 1
 20120701 1200  209.42  286.17  968.01 2 1
 20120702 1200  205.67  312.44 1128.92 2 1
 20120703 1200  165.79  258.02 1219.47 2 1
 20120704 1200  145.15  191.88  755.02 2 1
 20120705 1200  200.51  267.88  872.31 2 1
 20120706 1200   94.01  145.90  913.12 2 1
 20120707 1200  139.52  216.74  785.99 2 1
 20120708 1200   61.64   82.57  254.46 2 1
 20120709 1200  176.58  252.39  998.03 2 1
 20120710 1200   74.31   94.30  269.00 2 1
 20120711 1200  261.02  346.69 1054.33 2 1
 20120712 1200  171.42  274.91 1130.80 2 1
 20120713 1200  113.72  176.86  676.68 2 1
 20120714 1200  149.37  204.54  907.96 2 1
 20120715 1200  208.01  306.34 1114.38 2 1
 20120716 1200  265.72  348.57 1048.70 2 1
 20120717 1200  276.04  362.64 1073.10 2 1
 20120718 1200  261.96  343.41  992.87 2 1
 20120719 1200  237.10  327.93 1059.49 2 1
 20120720 1200  278.38  366.39 1057.15 2 1
 20120721 1200  206.14  283.36 1108.75 2 1
 20120722 1200  208.95  266.47 1016.80 2 1
 20120723 1200  256.80  354.20 1029.47 2 1
 20120724 1200   60.23   81.16  377.84 2 1
 20120725 1200  264.31  339.65 1020.08 2 1
 20120726 1200  178.46  256.15  897.64 2 1
 20120727 1200  281.67  364.52 1029.00 2 1
 20120728 1200  261.96  347.16 1139.24 2 1
 20120729 1200  248.36  328.39 1131.27 2 1
 20120730 1200  254.93  339.65 1017.74 2 1
 20120731 1200  275.10  363.58 1062.31 2 1
 20120801 1200  259.62  336.37 1108.75 2 1
 20120802 1200  260.55  354.67 1089.05 2 1
 20120803 1200  267.59  356.07 1127.05 2 1
 20120804 1200  284.48  369.21 1104.06 2 1
 20120805 1200  290.58  373.43 1095.61 2 1
 20120806 1200  296.21  379.53 1082.01 2 1
 20120807 1200  295.74  385.63 1104.06 2 1
 20120808 1200  236.16  329.80 1084.82 2 1
 20120809 1200  262.43  361.70 1151.44 2 1
 20120810 1200  279.32  380.00 1029.00 2 1
 20120811 1200  298.09  378.59 1044.95 2 1
 20120812 1200  310.28  390.79 1039.79 2 1
 20120813 1200  291.99  384.22 1105.94 2 1
 20120814 1200  300.43  383.75 1120.01 2 1
 20120815 1200  259.62  365.93 1115.79 2 1
 20120816 1200  187.37  275.38 1055.74 2 1
 20120817 1200  260.55  347.63 1100.31 2 1
 20120818 1200  102.93  166.07  852.13 2 1
 20120819 1200   58.36   74.12  241.32 2 1
 20120820 1200  196.28  284.30 1196.48 2 1
 20120821 1200  260.09  379.53 1204.92 2 1
 20120822 1200  241.32  323.70 1168.80 2 1
 20120823 1200  284.48  382.34 1234.95 2 1
 20120824 1200  250.23  327.93 1188.50 2 1
 20120825 1200  256.33  346.22 -999.99 2 1
 20120826 1200  233.81  358.89 1087.64 2 1
 20120827 1200  168.60  254.27 1057.61 2 1
 20120828 1200   52.26   75.06  421.00 2 1
 20120829 1200  301.84  388.91 1085.76 2 1
 20120830 1200  238.97  317.60 1163.17 2 1
 20120831 1200  293.39  377.18 1129.86 2 1
 20120901 1200  276.04  369.21 1178.18 2 1
 20120902 1200  286.83  374.84 1092.80 2 1
 20120903 1200  298.55  386.10 1124.23 2 1
 20120904 1200  259.62  345.28 1061.84 2 1
 20120905 1200  288.23  388.91 1134.55 2 1
 20120906 1200  195.34  238.79  749.39 2 1
 20120907 1200  307.94  399.23 1131.74 2 1
 20120908 1200  230.53  319.95 1336.75 2 1
 20120909 1200  132.95  233.63 1159.89 2 1
 20120910 1200  238.51  335.90 1211.96 2 1
 20120911 1200  116.06  169.36  806.16 2 1
 20120912 1200   58.83   90.07  353.44 2 1
 20120913 1200  236.16  332.15 1245.74 2 1
 20120914 1200  277.44  373.43 1102.65 2 1
 20120915 1200   89.32  153.88  666.83 2 1
 20120916 1200  216.46  304.94 1029.47 2 1
 20120917 1200  240.38  323.70 1196.95 2 1
 20120918 1200  218.33  310.57 1297.81 2 1
 20120919 1200  135.76  204.54  947.37 2 1
 20120920 1200  315.44  402.05 1204.92 2 1
 20120921 1200  294.33  379.06 1062.31 2 1
 20120922 1200  305.59  398.30 1162.23 2 1
 20120923 1200  299.96  395.95 1174.90 2 1
 20120924 1200  290.58  382.81 1287.49 2 1
 20120925 1200  203.32  327.93 1112.50 2 1
 20120926 1200   64.46   88.20  312.16 2 1
 20120927 1200  223.96  322.76 1101.24 2 1
 20120928 1200  165.32  235.51 1021.02 2 1
 20120929 1200  261.96  372.02 1182.40 2 1
 20120930 1200  296.68  387.04 1085.76 2 1
 20121001 1200  245.07  342.47 1143.47 2 1
 20121002 1200  239.91  317.14 1082.01 2 1
 20121003 1200  307.47  399.70 1310.01 2 1
 20121004 1200  312.63  400.17 1076.38 2 1
 20121005 1200  307.00  400.17 1206.80 2 1
 20121006 1200  309.81  396.89 1133.15 2 1
 20121007 1200  301.84  385.63 1085.76 2 1
 20121008 1200  281.67  370.15 1205.86 2 1
 20121009 1200  290.11  386.10 1125.64 2 1
 20121010 1200  299.96  386.57 1106.87 2 1
 20121011 1200  315.91  402.99 1116.73 2 1
 20121012 1200  284.95  386.10 1132.68 2 1
 20121013 1200  205.67  283.36 1151.44 2 1
 20121014 1200  259.62  373.90 1086.23 2 1
 20121015 1200  160.16  260.84 1167.39 2 1
 20121016 1200  232.88  368.74 1147.69 2 1
 20121017 1200   68.68   92.42  300.43 2 1
 20121018 1200  150.31  234.57  908.43 2 1
 20121019 1200  302.31  385.16 1046.82 2 1
 20121020 1200  182.68  259.43 1059.49 2 1
 20121021 1200   53.20   96.64  491.37 2 1
 20121022 1200  236.63  334.49 1181.00 2 1
 20121023 1200  277.91  370.15 1182.40 2 1
 20121024 1200  238.97  331.21 1230.73 2 1
 20121025 1200   80.41  113.53  529.84 2 1
 20121026 1200  269.94  359.36 1201.64 2 1
 20121027 1200  234.75  343.88 1157.54 2 1
 20121028 1200  190.18  281.48 1128.92 2 1
 20121029 1200  123.57  182.49 1158.95 2 1
 20121030 1200  267.12  355.13 1191.79 2 1
 20121031 1200  208.95  306.81 1221.81 2 1
 20121101 1200  108.55  208.30 1024.78 2 1
 20121102 1200  121.22  184.84  796.78 2 1
 20121103 1200   81.35  134.17  435.54 2 1
 20121104 1200  207.54  291.33 1218.53 2 1
 20121105 1200  244.13  313.85 1108.75 2 1
 20121106 1200   27.86   38.47  113.25 2 1
 20121107 1200  284.01  372.96 1029.94 2 1
 20121108 1200  127.32  203.60 1056.68 2 1
 20121109 1200   77.12  165.60 1044.95 2 1
 20121110 1200   60.23  100.39  534.06 2 1
 20121111 1200   30.68   46.91  168.14 2 1
 20121112 1200   53.67   72.25  284.01 2 1
 20121113 1200  161.57  234.10 1084.36 2 1
 20121114 1200  236.16  340.12 1239.64 2 1
 20121115 1200  108.55  159.04  720.31 2 1
 20121116 1200  220.21  300.25 1277.17 2 1
 20121117 1200  223.02  325.58 1239.64 2 1
 20121118 1200  261.49  349.04 1052.45 2 1
 20121119 1200  182.68  282.42 1098.43 2 1
 20121120 1200  254.46  352.32 1032.28 2 1
 20121121 1200  196.28  311.97 1151.44 2 1
 20121122 1200  262.90  349.04 1066.06 2 1
 20121123 1200  238.04  332.62 1168.80 2 1
 20121124 1200  269.47  360.30  983.96 2 1
 20121125 1200  223.96  330.27 1246.21 2 1
 20121126 1200  175.17  258.02 1261.69 2 1
 20121127 1200  215.52  318.54 1255.59 2 1
 20121128 1200  231.94  325.58 1122.36 2 1
 20121129 1200  101.99  157.63  831.96 2 1
 20121130 1200   75.25  117.28  579.10 2 1
 20121201 1200  108.09  135.58  422.41 2 1
 20121202 1200  250.70  337.31 1059.96 2 1
 20121203 1200  242.73  333.09  991.00 2 1
 20121204 1200  265.72  354.67 1001.79 2 1
 20121205 1200  257.27  342.00 1087.17 2 1
 20121206 1200  249.76  341.53 1167.86 2 1
 20121207 1200  231.00  354.67 1059.02 2 1
 20121208 1200  251.64  350.91 1155.66 2 1
 20121209 1200  212.70  296.02 1038.85 2 1
 20121210 1200  217.39  299.31 1147.69 2 1
 20121211 1200  156.88  233.63 1075.44 2 1
 20121212 1200  265.72  357.48 1153.79 2 1
 20121213 1200  263.37  354.20 1052.92 2 1
 20121214 1200  124.51  164.67  592.23 2 1
 20121215 1200   69.15  117.28  644.78 2 1
 20121216 1200  270.41  364.52 1068.40 2 1
 20121217 1200  259.62  354.67 1044.48 2 1
 20121218 1200  171.89  259.90 1176.77 2 1
 20121219 1200  101.99  190.00 1219.00 2 1
 20121220 1200  124.51  201.73 1130.33 2 1
 20121221 1200  212.23  311.97 1141.12 2 1
 20121222 1200  268.06  356.07 1122.82 2 1
 20121223 1200   90.73  115.41  381.12 2 1
 20121224 1200  136.23  201.73  682.31 2 1
 20121225 1200  272.28  348.57 1092.80 2 1
 20121226 1200  163.91  256.62 1222.28 2 1
 20121227 1200  194.41  263.65  992.87 2 1
 20121228 1200  171.89  239.26 1005.07 2 1
 20121229 1200  247.89  346.69 1074.50 2 1
 20121230 1200  244.60  330.74 1036.97 2 1
 20121231 1200   99.64  135.11  577.22 2 1
 20130101 1200  269.00  358.89 1084.36 2 1
 20130102 1200  157.81  243.95 1053.86 2 1
 20130103 1200  183.62  259.90 1101.71 2 1
 20130104 1200  198.63  306.34 1239.64 2 1
 20130105 1200  170.48  272.57 1107.34 2 1
 20130106 1200  190.65  277.73 1140.65 2 1
 20130107 1200  212.70  309.63 1071.22 2 1
 20130108 1200  238.51  349.04 1153.79 2 1
 20130109 1200  135.30  232.22 1273.42 2 1
 20130110 1200  251.64  347.16 1161.76 2 1
 20130111 1200  273.69  359.83 1149.10 2 1
 20130112 1200  276.51  368.74 1104.53 2 1
 20130113 1200  201.44  309.16 -999.99 2 1
 20130114 1200  276.51  364.99 1135.49 2 1
 20130115 1200  127.32  206.42 1302.03 2 1
 20130116 1200  123.57  243.01 1158.01 2 1
 20130117 1200   41.47   72.72  252.11 2 1
 20130118 1200  182.21  263.18 1257.94 2 1
 20130119 1200  181.27  258.02 1169.74 2 1
 20130120 1200  209.42  297.90 1079.19 2 1
 20130121 1200  227.25  312.91 1184.75 2 1
 20130122 1200  272.28  382.34 1111.56 2 1
 20130123 1200  187.37  248.64 1113.44 2 1
 20130124 1200  208.48  325.58 1198.35 2 1
 20130125 1200  208.01  258.49 1072.16 2 1
 20130126 1200  280.26  369.21 1170.21 2 1
 20130127 1200  243.67  348.57 1183.34 2 1
 20130128 1200  250.23  360.76 1084.36 2 1
 20130129 1200  250.23  358.89 1168.80 2 1
 20130130 1200  283.54  383.75 1220.87 2 1
 20130131 1200  281.20  384.22 1121.42 2 1
 20130201 1200  268.53  369.21 1309.07 2 1
 20130202 1200  177.99  285.23 1260.75 2 1
 20130203 1200  116.53  178.74  694.50 2 1
 20130204 1200  173.30  268.81 1147.69 2 1
 20130205 1200  147.49  212.99  944.55 2 1
 20130206 1200  172.83  291.33 1286.55 2 1
 20130207 1200  109.96  154.81  618.97 2 1
 20130208 1200  194.88  311.04 1217.12 2 1
 20130209 1200  233.34  357.95 1214.77 2 1
 20130210 1200  216.93  319.01 1290.77 2 1
 20130211 1200  107.15  160.91  949.24 2 1
 20130212 1200  298.09  389.38 1082.01 2 1
 20130213 1200  299.02  392.20 1229.32 2 1
 20130214 1200  250.70  354.20 1355.98 2 1
 20130215 1200  186.43  281.01 1109.22 2 1
 20130216 1200  171.89  250.05  911.71 2 1
 20130217 1200  174.70  271.16 1234.48 2 1
 20130218 1200  294.33  386.57 1054.33 2 1
 20130219 1200  241.32  364.05 1187.10 2 1
 20130220 1200  253.05  348.10 1095.15 2 1
 20130221 1200  219.27  301.18 1079.66 2 1
 20130222 1200  279.32  370.15 1129.39 2 1
 20130223 1200  211.30  290.86 1021.49 2 1
 20130224 1200  219.74  292.27  982.08 2 1
 20130225 1200  270.41  369.68 1116.73 2 1
 20130226 1200  268.53  351.85 1234.48 2 1
 20130227 1200  253.52  332.15 1279.52 2 1
 20130228 1200  289.17  386.57 1072.63 2 1
 20130301 1200  248.83  355.60 1172.55 2 1
 20130302 1200  218.80  326.99 1252.77 2 1
 20130303 1200  296.21  376.25 1073.10 2 1
 20130304 1200  221.62  328.86 1261.69 2 1
 20130305 1200  301.37  381.41 1070.75 2 1
 20130306 1200  266.18  365.46 1095.15 2 1
 20130307 1200  304.65  385.63 1014.45 2 1
 20130308 1200  245.07  354.20 1150.97 2 1
 20130309 1200  270.41  363.11 1083.89 2 1
 20130310 1200  299.02  387.04 1090.92 2 1
 20130311 1200  299.49  386.57 1082.95 2 1
 20130312 1200  305.12  389.38 1133.15 2 1
 20130313 1200  277.91  383.75 1157.54 2 1
 20130314 1200  288.23  374.84 1167.39 2 1
 20130315 1200  273.22  362.64 1110.63 2 1
 20130316 1200  256.33  356.54 1133.61 2 1
 20130317 1200  285.89  384.69 1045.42 2 1
 20130318 1200  251.17  348.57 1241.05 2 1
 20130319 1200  147.02  205.48  994.28 2 1
 20130320 1200  280.73  371.09 1022.90 2 1
 20130321 1200  212.70  313.38 1188.03 2 1
 20130322 1200  293.86  378.59 1065.12 2 1
 20130323 1200  107.62  147.31  619.44 2 1
 20130324 1200  271.81  381.88 1264.97 2 1
 20130325 1200  276.04  392.20 1033.69 2 1
 20130326 1200  275.10  365.93 1025.24 2 1
 20130327 1200  296.68  375.78 1181.94 2 1
 20130328 1200  306.06  391.26 1216.18 2 1
 20130329 1200  216.46  302.12 1126.11 2 1
 20130330 1200  284.95  374.84 1018.21 2 1
 20130331 1200  264.31  345.28 1063.71 2 1
 20130401 1200  188.78  258.49 1016.80 2 1
 20130402 1200   63.52   84.44  384.41 2 1
 20130403 1200  175.17  268.35 1141.59 2 1
 20130404 1200  113.72  209.70 1313.76 2 1
 20130405 1200   86.51  123.38  415.37 2 1
 20130406 1200   83.69  105.09  426.16 2 1
 20130407 1200  260.55  357.01 1297.81 2 1
 20130408 1200  275.10  380.00 1148.16 2 1
 20130409 1200  267.12  374.37 1157.54 2 1
 20130410 1200  128.73  217.68  988.65 2 1
 20130411 1200  241.79  317.14 1067.00 2 1
 20130412 1200  295.74  378.59 1001.79 2 1
 20130413 1200  264.31  348.10 1051.05 2 1
 20130414 1200  298.55  384.22 1093.74 2 1
 20130415 1200  240.85  332.62 1247.14 2 1
 20130416 1200   56.01   69.43  231.00 2 1
 20130417 1200  227.25  314.32 -999.99 2 1
 20130418 1200  236.63  304.47 1011.17 2 1
 20130419 1200  250.70  352.79 1199.76 2 1
 20130420 1200  299.02  391.73 1134.55 2 1
 20130421 1200  238.97  324.64 1181.00 2 1
 20130422 1200  257.74  357.95 1103.12 2 1
 20130423 1200  307.00  390.32 1056.21 2 1
 20130424 1200  282.60  368.27 1055.74 2 1
 20130425 1200  279.32  386.10 1136.90 2 1
 20130426 1200  223.96  320.42 1241.05 2 1
 20130427 1200  283.54  368.27 1113.44 2 1
 20130428 1200  306.06  387.04 1181.94 2 1
 20130429 1200  229.12  313.38 1181.00 2 1
 20130430 1200  291.05  375.78 1020.55 2 1
 20130501 1200  267.12  345.75  992.40 2 1
 20130502 1200  132.01  179.21  743.76 2 1
 20130503 1200  238.51  359.83 1167.86 2 1
 20130504 1200  108.09  175.46  746.58 2 1
 20130505 1200   65.86   95.70  363.76 2 1
 20130506 1200  153.59  224.72  889.20 2 1
 20130507 1200  118.41  167.48  908.90 2 1
 20130508 1200  161.10  277.73 1076.38 2 1
 20130509 1200   14.73   25.80  214.11 2 1
 20130510 1200   55.07   76.94  242.73 2 1
 20130511 1200  140.93  220.02 1009.29 2 1
 20130512 1200  225.84  301.65 1253.71 2 1
 20130513 1200  162.51  224.72  835.71 2 1
 20130514 1200  177.52  235.51 1050.58 2 1
 20130515 1200  212.23  299.78 -999.99 2 1
 20130516 1200  232.88  325.11 1099.84 2 1
 20130517 1200  228.65  305.41  945.96 2 1
 20130518 1200  226.31  316.67 1063.24 2 1
 20130519 1200  275.57  370.62 1062.31 2 1
 20130520 1200  236.63  296.96  948.78 2 1
 20130521 1200  279.79  363.11 1052.92 2 1
 20130522 1200  282.60  370.15 1148.16 2 1
 20130523 1200  265.72  345.75 1164.11 2 1
 20130524 1200  223.02  303.06 1144.87 2 1
 20130525 1200  216.93  282.42 1002.26 2 1
 20130526 1200  107.15  135.11  477.76 2 1
 20130527 1200   91.20  117.75  351.10 2 1
 20130528 1200  228.65  300.72  988.65 2 1
 20130529 1200  294.33  375.31 1082.48 2 1
 20130530 1200  278.85  355.60 1103.12 2 1
 20130531 1200  256.80  348.10 1074.50 2 1
 20130601 1200  240.38  333.55 1087.64 2 1
 20130602 1200  261.49  337.78 1109.69 2 1
 20130603 1200  126.85  212.05 1149.10 2 1
 20130604 1200   53.67   91.95  548.13 2 1
 20130605 1200  248.36  357.95 1270.13 2 1
 20130606 1200   63.52   97.58  512.95 2 1
 20130607 1200  145.15  220.49  938.45 2 1
 20130608 1200  177.05  267.41 1190.38 2 1
 20130609 1200  154.53  249.11 1055.27 2 1
 20130610 1200  229.59  311.97 1302.50 2 1
 20130611 1200  116.06  153.41  460.88 2 1
 20130612 1200  117.47  160.44  553.76 2 1
 20130613 1200  162.97  214.39  703.89 2 1
 20130614 1200  271.34  344.81 1005.07 2 1
 20130615 1200  250.23  330.27 1062.78 2 1
 20130616 1200  257.74  342.94 1019.15 2 1
 20130617 1200  167.20  225.65  836.18 2 1
 20130618 1200  104.33  144.49  801.00 2 1
 20130619 1200  238.97  308.22  947.37 2 1
 20130620 1200  261.02  342.00 1027.12 2 1
 20130621 1200  262.90  348.10 1013.05 2 1
 20130622 1200  271.34  352.79 1070.75 2 1
 20130623 1200  102.46  156.69  732.04 2 1
 20130624 1200  236.16  326.05 1004.60 2 1
 20130625 1200  255.86  334.49  961.91 2 1
 20130626 1200  201.91  272.10  941.27 2 1
 20130627 1200  257.27  335.43 1036.97 2 1
 20130628 1200  262.43  343.88 1010.23 2 1
 20130629 1200  276.97  354.67 1058.08 2 1
 20130630 1200  281.67  363.11 1040.73 2 1
 20130701 1200  232.88  320.89 1047.76 2 1
 20130702 1200  202.85  273.97 1082.48 2 1
 20130703 1200   60.23   94.30  463.22 2 1
 20130704 1200  210.36  288.05  994.28 2 1
 20130705 1200  253.05  351.38 1113.91 2 1
 20130706 1200  152.18  220.96  872.31 2 1
 20130707 1200  186.43  253.80  932.36 2 1
 20130708 1200  108.09  180.15  873.71 2 1
 20130709 1200  151.25  217.21 1011.17 2 1
 20130710 1200  189.72  256.62 1177.24 2 1
 20130711 1200  286.36  365.46 1059.49 2 1
 20130712 1200  208.48  296.49 1183.81 2 1
 20130713 1200  257.27  327.46 1084.82 2 1
 20130714 1200  235.69  329.80 1081.07 2 1
 20130715 1200  184.55  262.72  865.74 2 1
 20130716 1200  260.09  336.37 1046.82 2 1
 20130717 1200  208.01  280.07  896.23 2 1
 20130718 1200  217.39  290.86  972.23 2 1
 20130719 1200  253.99  327.93  996.63 2 1
 20130720 1200  276.97  358.42 1044.48 2 1
 20130721 1200  206.60  266.47  930.48 2 1
 20130722 1200  291.52  369.21 1010.23 2 1
 20130723 1200  276.97  370.62 1011.17 2 1
 20130724 1200  215.52  288.05 1097.96 2 1
 20130725 1200  284.95  373.43 1056.21 2 1
 20130726 1200  283.07  366.39 1053.39 2 1
 20130727 1200  218.33  284.76  972.70 2 1
 20130728 1200  232.41  309.16 1040.73 2 1
 20130729 1200  218.33  306.81  944.55 2 1
 20130730 1200  210.83  288.52 1015.86 2 1
 20130731 1200  236.16  341.06 1013.52 2 1
 20130801 1200  161.10  239.73 1218.53 2 1
 20130802 1200  212.70  289.93  936.11 2 1
 20130803 1200  145.15  199.85  747.99 2 1
 20130804 1200   87.91  132.77  575.81 2 1
 20130805 1200   51.79   78.35  318.26 2 1
 20130806 1200  100.11  150.59  739.54 2 1
 20130807 1200  213.64  306.81 1162.23 2 1
 20130808 1200   67.74  106.96  529.84 2 1
 20130809 1200  109.49  157.63  707.17 2 1
 20130810 1200  134.36  180.62  761.12 2 1
 20130811 1200  179.39  269.75 1058.08 2 1
 20130812 1200  269.94  354.67 1035.10 2 1
 20130813 1200   95.89  125.73  487.62 2 1
 20130814 1200   84.16  142.62  548.60 2 1
 20130815 1200  155.47  207.83  763.94 2 1
 20130816 1200  232.88  316.67 1092.80 2 1
 20130817 1200  297.62  380.00 1060.43 2 1
 20130818 1200  256.33  338.72 1046.82 2 1
 20130819 1200  304.18  387.51 1100.31 2 1
 20130820 1200  229.59  330.27 1282.80 2 1
 20130821 1200  284.95  372.49 1110.16 2 1
 20130822 1200  242.26  320.89 1135.49 2 1
 20130823 1200  233.34  315.26 1074.50 2 1
 20130824 1200  236.16  318.54 1120.48 2 1
 20130825 1200  287.30  378.12 1089.98 2 1
 20130826 1200  291.05  381.41 1058.08 2 1
 20130827 1200  277.91  381.41 1035.10 2 1
 20130828 1200  257.74  331.68 1181.94 2 1
 20130829 1200  256.80  330.74 1068.87 2 1
 20130830 1200  181.74  292.27 1345.66 2 1
 20130831 1200  275.57  376.72 1140.18 2 1
 20130901 1200  155.94  248.17 1256.53 2 1
 20130902 1200   90.73  163.26  608.65 2 1
 20130903 1200  147.96  224.72 1125.17 2 1
 20130904 1200  158.75  251.46 1203.52 2 1
 20130905 1200  225.84  310.57  983.96 2 1
 20130906 1200  201.44  273.04 1107.34 2 1
 20130907 1200  252.58  336.84 1189.44 2 1
 20130908 1200  289.64  380.47 1127.52 2 1
 20130909 1200  219.74  309.16 1121.42 2 1
 20130910 1200   63.05   95.70  438.83 2 1
 20130911 1200   99.64  166.07 1118.13 2 1
 20130912 1200  277.44  368.74 1229.32 2 1
 20130913 1200  307.00  394.54 1048.70 2 1
 20130914 1200  273.69  357.48 1065.12 2 1
 20130915 1200  251.17  345.75 1231.19 2 1
 20130916 1200  217.86  285.23  895.76 2 1
 20130917 1200  268.06  361.23 1166.45 2 1
 20130918 1200  287.76  371.55 1101.71 2 1
 20130919 1200  260.55  353.26 1143.94 2 1
 20130920 1200  262.90  356.54 1124.23 2 1
 20130921 1200  251.17  350.44 1047.76 2 1
 20130922 1200  234.28  302.59 1051.52 2 1
 20130923 1200  264.78  351.85 1069.81 2 1
 20130924 1200  243.67  310.10  950.65 2 1
 20130925 1200  252.11  343.41 1210.55 2 1
 20130926 1200  272.28  365.93 1080.13 2 1
 20130927 1200  263.37  357.48 1142.53 2 1
 20130928 1200  279.79  372.02 1128.45 2 1
 20130929 1200  289.17  380.94 1122.36 2 1
 20130930 1200  284.01  395.95 1136.43 2 1
 20131001 1200  246.95  342.94 1150.50 2 1
 20131002 1200  175.64  257.55 1232.13 2 1
 20131003 1200   83.69  116.81  438.36 2 1
 20131004 1200  284.95  380.47 1111.10 2 1
 20131005 1200  283.54  368.27 1130.33 2 1
 20131006 1200  276.51  372.96 1099.84 2 1
 20131007 1200  126.85  156.22  443.99 2 1
 20131008 1200  239.44  342.94 1232.60 2 1
 20131009 1200  290.11  375.31 1188.97 2 1
 20131010 1200  283.54  370.62 1044.95 2 1
 20131011 1200  281.20  372.49 1088.58 2 1
 20131012 1200  201.44  281.01 1134.08 2 1
 20131013 1200  279.79  379.53 1068.87 2 1
 20131014 1200  270.41  364.99 1160.82 2 1
 20131015 1200  276.51  370.62 1140.65 2 1
 20131016 1200  201.91  300.72 1146.28 2 1
 20131017 1200   24.11   32.37  132.95 2 1
 20131018 1200  105.74  157.63  703.89 2 1
 20131019 1200   67.27   88.20  320.13 2 1
 20131020 1200   38.18   48.79  205.20 2 1
 20131021 1200  134.36  168.89  664.95 2 1
 20131022 1200  182.68  257.09 1183.34 2 1
 20131023 1200  256.33  345.28 1325.02 2 1
 20131024 1200  268.06  363.58 1217.59 2 1
 20131025 1200  294.33  380.47 1095.15 2 1
 20131026 1200  292.46  376.72 1054.80 2 1
 20131027 1200  287.30  374.37 1044.48 2 1
 20131028 1200  278.38  368.27 1131.27 2 1
 20131029 1200  257.74  350.44 1191.79 2 1
 20131030 1200  140.93  240.20 1326.43 2 1
 20131031 1200  284.95  386.10 1139.24 2 1
 20131101 1200  234.28  329.80 1087.64 2 1
 20131102 1200  260.55  365.46 1212.90 2 1
 20131103 1200  245.54  319.01 1157.07 2 1
 20131104 1200  248.36  346.22 1102.65 2 1
 20131105 1200  273.22  361.23 1083.89 2 1
 20131106 1200  226.78  309.63 1083.89 2 1
 20131107 1200  272.28  377.18 1168.80 2 1
 20131108 1200  249.76  334.96 1105.00 2 1
 20131109 1200  139.05  217.68  890.13 2 1
 20131110 1200  194.88  271.16 1025.71 2 1
 20131111 1200  239.91  343.88 1183.34 2 1
 20131112 1200  208.48  306.81 1094.68 2 1
 20131113 1200  208.01  316.20 1215.24 2 1
 20131114 1200   65.39  115.41  537.34 2 1
 20131115 1200  160.63  234.10  894.82 2 1
 20131116 1200  171.89  242.07 1048.23 2 1
 20131117 1200  238.51  326.05 1120.48 2 1
 20131118 1200  278.38  356.07 1003.19 2 1
 20131119 1200  188.31  262.25  981.61 2 1
 20131120 1200  272.28  358.42 1143.47 2 1
 20131121 1200  283.07  361.70 1016.80 2 1
 20131122 1200  269.47  350.91 1000.85 2 1
 20131123 1200  204.26  299.78 1061.84 2 1
 20131124 1200  258.68  341.06 1094.68 2 1
 20131125 1200  254.93  347.63 1058.55 2 1
 20131126 1200  198.63  282.89 1279.52 2 1
 20131127 1200  254.46  346.69 1018.21 2 1
 20131128 1200  224.90  311.51 1021.02 2 1
 20131129 1200  108.55  167.95  901.39 2 1
 20131130 1200  229.12  335.90 1060.43 2 1
 20131201 1200  162.97  240.67 1012.11 2 1
 20131202 1200  109.02  161.85  735.32 2 1
 20131203 1200  132.48  180.62  649.94 2 1
 20131204 1200  226.78  314.79  969.42 2 1
 20131205 1200  164.38  250.52 1164.11 2 1
 20131206 1200  210.83  311.97 1018.68 2 1
 20131207 1200  125.91  213.46  846.03 2 1
 20131208 1200  187.37  278.67 1225.56 2 1
 20131209 1200  108.09  158.10  662.60 2 1
 20131210 1200  185.02  253.80  869.96 2 1
 20131211 1200  138.58  225.65 1036.97 2 1
 20131212 1200  194.41  283.36  998.03 2 1
 20131213 1200  240.38  313.85  930.48 2 1
 20131214 1200  215.52  314.32 1131.74 2 1
 20131215 1200  194.88  307.28 1101.71 2 1
 20131216 1200  189.25  277.26 1109.69 2 1
 20131217 1200  235.22  324.17 1025.24 2 1
 20131218 1200  253.99  350.91  991.00 2 1
 20131219 1200  254.46  345.28  955.81 2 1
 Time: 1200  1 Dec 2014 to 1200 23 Jan 2015 (index  2937 to  2990,   54 times)
 Depth (M):       -3.5    -3.5    -3.5 QUALITY and SOURCE
 YYYYMMDD HHMM   SWRad   StDev     Max Q S
 20141201 1200  255.09  358.98 1171.09 2 5
 20141202 1200  189.67  271.56 1012.93 2 5
 20141203 1200   83.79  110.44  392.89 2 5
 20141204 1200  289.17  388.26 1165.49 2 5
 20141205 1200  137.57  223.83 1318.05 2 5
 20141206 1200  236.40  329.65 1205.14 2 5
 20141207 1200  268.77  363.38 1087.57 2 5
 20141208 1200  219.54  329.66 1213.07 2 5
 20141209 1200  242.31  357.74 1058.18 2 5
 20141210 1200  203.41  309.51 1114.63 2 5
 20141211 1200  224.44  341.32 1135.16 2 5
 20141212 1200   71.64  113.08  581.84 2 5
 20141213 1200  196.09  273.01 1149.62 2 5
 20141214 1200  257.75  344.49 1171.55 2 5
 20141215 1200  221.86  300.94 1218.21 2 5
 20141216 1200  262.91  359.54 1131.43 2 5
 20141217 1200  173.42  262.63 1007.33 2 5
 20141218 1200  243.13  330.53 1043.72 2 5
 20141219 1200  248.28  332.84 1175.28 2 5
 20141220 1200   81.92  116.07  582.78 2 5
 20141221 1200  117.35  240.77 1205.61 2 5
 20141222 1200  143.65  219.53 1271.39 2 5
 20141223 1200  142.44  203.47  741.40 2 5
 20141224 1200   47.13   80.39  368.17 2 5
 20141225 1200   57.74   84.81  312.65 2 5
 20141226 1200  198.60  278.14 1124.90 2 5
 20141227 1200  177.06  236.82  912.62 2 5
 20141228 1200  217.48  294.46 1065.18 2 5
 20141229 1200  232.42  310.85 1041.39 2 5
 20141230 1200  271.13  359.54 1131.90 2 5
 20141231 1200  265.58  357.35 1115.10 2 5
 20150101 1200  237.16  333.78 1044.65 2 5
 20150102 1200  271.76  353.24 1010.13 2 5
 20150103 1200  186.66  243.05  815.11 2 5
 20150104 1200  167.44  310.83 1371.23 2 5
 20150105 1200  270.17  370.48 1053.52 2 5
 20150106 1200  217.23  318.76 1115.57 2 5
 20150107 1200  239.13  358.84 1205.14 2 5
 20150108 1200  268.76  365.96 1064.71 2 5
 20150109 1200  284.50  370.32 1110.44 2 5
 20150110 1200  225.24  311.99 1183.68 2 5
 20150111 1200   85.76  122.36  658.36 2 5
 20150112 1200  219.74  293.74 1191.15 2 5
 20150113 1200  238.88  333.23 1317.58 2 5
 20150114 1200  283.44  363.59 1033.46 2 5
 20150115 1200  260.42  345.78 1130.03 2 5
 20150116 1200  285.94  372.35 1047.92 2 5
 20150117 1200  276.39  364.21 1077.78 2 5
 20150118 1200  203.24  311.33 1076.84 2 5
 20150119 1200  298.21  380.19 1060.05 2 5
 20150120 1200  232.31  313.64 1090.37 2 5
 20150121 1200  211.04  318.99 1222.87 2 5
 20150122 1200  249.44  364.02 1091.77 2 5
 20150123 1200   50.44   73.43  273.92 2 5
 Time: 1200 10 May 2015 to 1200 30 Nov 2015 (index  3097 to  3301,  205 times)
 Depth (M):       -3.5    -3.5    -3.5 QUALITY and SOURCE
 YYYYMMDD HHMM   SWRad   StDev     Max Q S
 20150510 1200  278.09  354.69 1088.76 2 5
 20150511 1200  266.90  339.94  968.18 2 5
 20150512 1200  140.80  176.74  775.81 2 5
 20150513 1200  228.05  322.30 1097.67 2 5
 20150514 1200   87.61  119.83  479.29 2 5
 20150515 1200  272.98  349.54 1047.94 2 5
 20150516 1200  264.23  355.23 1060.14 2 5
 20150517 1200  275.92  365.26 1050.75 2 5
 20150518 1200  295.62  374.96 1150.69 2 5
 20150519 1200  296.57  382.71 1283.00 2 5
 20150520 1200  281.22  363.51 1079.84 2 5
 20150521 1200  255.46  349.10 1154.91 2 5
 20150522 1200  156.63  221.16  967.71 2 5
 20150523 1200  242.10  312.13  901.55 2 5
 20150524 1200   43.49   54.89  173.38 2 5
 20150525 1200   76.46  117.41  451.14 2 5
 20150526 1200  145.41  194.21  736.40 2 5
 20150527 1200  199.89  261.22  850.41 2 5
 20150528 1200  263.70  334.49 1086.88 2 5
 20150529 1200  225.01  318.64 1083.60 2 5
 20150530 1200  270.03  343.70 1019.79 2 5
 20150531 1200  299.05  365.84 1080.78 2 5
 20150601 1200  291.54  361.79  979.44 2 5
 20150602 1200  269.13  349.14 1126.29 2 5
 20150603 1200  291.40  359.80  953.63 2 5
 20150604 1200  276.93  349.93 1011.81 2 5
 20150605 1200  254.52  331.04 1006.18 2 5
 20150606 1200  260.35  329.46  937.68 2 5
 20150607 1200  130.47  225.50 1063.89 2 5
 20150608 1200  244.74  310.66  978.97 2 5
 20150609 1200  225.27  321.75 1146.00 2 5
 20150610 1200  190.81  291.83  968.18 2 5
 20150611 1200  103.93  170.81 1015.10 2 5
 20150612 1200   87.60  132.45  754.23 2 5
 20150613 1200  271.24  351.97 1181.66 2 5
 20150614 1200  192.53  294.47 1000.08 2 5
 20150615 1200  144.96  221.23  825.54 2 5
 20150616 1200   56.85   87.71  301.47 2 5
 20150617 1200  201.61  276.39 1081.72 2 5
 20150618 1200  240.97  331.19  986.94 2 5
 20150619 1200  254.34  336.05 1252.50 2 5
 20150620 1200  259.89  333.21 1009.93 2 5
 20150621 1200  226.68  309.79  999.61 2 5
 20150622 1200  272.05  348.30  979.44 2 5
 20150623 1200  259.21  337.93  989.29 2 5
 20150624 1200  250.58  334.97 1063.42 2 5
 20150625 1200  264.83  345.17  996.33 2 5
 20150626 1200  241.73  311.56 1019.32 2 5
 20150627 1200  255.09  327.21  987.88 2 5
 20150628 1200  236.12  304.65 1001.49 2 5
 20150629 1200  114.93  158.83  659.45 2 5
 20150630 1200  272.00  343.60  979.44 2 5
 20150701 1200  287.72  365.95 1025.42 2 5
 20150702 1200  275.04  361.63 1047.94 2 5
 20150703 1200  115.42  165.23  666.02 2 5
 20150704 1200  219.12  353.90 1260.95 2 5
 20150705 1200   57.89   91.91  440.81 2 5
 20150706 1200   27.97   40.43  219.83 2 5
 20150707 1200  215.96  308.66 1153.04 2 5
 20150708 1200  186.95  262.18 1113.62 2 5
 20150709 1200  210.35  328.55 1166.64 2 5
 20150710 1200  232.69  328.80 1104.71 2 5
 20150711 1200  297.85  368.66 1149.75 2 5
 20150712 1200  180.10  277.59 1127.70 2 5
 20150713 1200  233.44  318.51  994.45 2 5
 20150714 1200  216.44  303.63 1080.78 2 5
 20150715 1200  171.44  230.29  732.18 2 5
 20150716 1200   59.32   81.87  314.13 2 5
 20150717 1200   74.36   91.63  381.23 2 5
 20150718 1200  113.24  168.59  786.13 2 5
 20150719 1200  151.87  196.85  700.74 2 5
 20150720 1200  216.80  288.60  906.24 2 5
 20150721 1200  193.59  251.40  838.68 2 5
 20150722 1200  266.27  349.11 1026.36 2 5
 20150723 1200  270.30  346.87 1066.71 2 5
 20150724 1200  281.09  360.93 1056.85 2 5
 20150725 1200  272.63  351.57 1063.89 2 5
 20150726 1200  255.70  337.79 1010.87 2 5
 20150727 1200  213.66  260.68  831.64 2 5
 20150728 1200  209.74  303.18 1267.99 2 5
 20150729 1200  276.66  365.21 1204.18 2 5
 20150730 1200  190.11  279.53 1257.19 2 5
 20150731 1200  264.68  346.94 1105.65 2 5
 20150801 1200  235.96  327.01 1159.14 2 5
 20150802 1200  269.43  357.95 1002.43 2 5
 20150803 1200  189.38  273.05 1051.69 2 5
 20150804 1200  248.11  352.61 1119.72 2 5
 20150805 1200  262.90  340.04 1008.06 2 5
 20150806 1200  277.07  360.76 1084.07 2 5
 20150807 1200  176.05  238.77 1189.16 2 5
 20150808 1200  225.32  311.32 1061.08 2 5
 20150809 1200  220.44  331.46 1241.71 2 5
 20150810 1200   64.01   87.81  339.00 2 5
 20150811 1200  283.96  368.50 1241.24 2 5
 20150812 1200  264.46  358.95 1220.13 2 5
 20150813 1200  268.64  347.15 1193.85 2 5
 20150814 1200  186.55  307.30 1146.94 2 5
 20150815 1200  176.29  261.87 1295.20 2 5
 20150816 1200  101.70  165.71  722.32 2 5
 20150817 1200  254.32  339.38 1197.14 2 5
 20150818 1200  287.02  372.68 1128.64 2 5
 20150819 1200  285.48  359.30 1142.24 2 5
 20150820 1200  263.18  360.04 1083.60 2 5
 20150821 1200  227.66  310.95 1263.76 2 5
 20150822 1200  183.47  227.77  846.66 2 5
 20150823 1200  272.91  353.87 1094.39 2 5
 20150824 1200  277.86  369.66 1130.51 2 5
 20150825 1200  274.64  370.98 1174.15 2 5
 20150826 1200  245.98  340.23 1068.11 2 5
 20150827 1200  272.82  360.76 1180.25 2 5
 20150828 1200  115.61  205.49  884.66 2 5
 20150829 1200  203.45  284.94 1268.92 2 5
 20150830 1200  261.48  396.58 1189.16 2 5
 20150831 1200  225.03  309.76 1008.06 2 5
 20150901 1200  284.42  374.84 1163.36 2 5
 20150902 1200  297.44  377.83 1153.50 2 5
 20150903 1200  188.50  295.34 1334.14 2 5
 20150904 1200  279.80  388.85 1207.93 2 5
 20150905 1200  192.88  307.16 1127.70 2 5
 20150906 1200  289.35  385.34 1134.27 2 5
 20150907 1200  278.39  384.16 1117.85 2 5
 20150908 1200  280.92  373.58 1097.20 2 5
 20150909 1200  160.52  262.46 1294.73 2 5
 20150910 1200  222.67  326.48 1064.83 2 5
 20150911 1200  136.09  180.63  581.10 2 5
 20150912 1200  184.32  300.68 1382.47 2 5
 20150913 1200   88.93  137.88  498.99 2 5
 20150914 1200  257.09  344.60 1260.01 2 5
 20150915 1200  272.61  359.16 1137.55 2 5
 20150916 1200  243.45  358.98 1178.37 2 5
 20150917 1200  184.89  251.88 1181.66 2 5
 20150918 1200  276.55  365.31 1158.67 2 5
 20150919 1200  147.62  187.08  815.22 2 5
 20150920 1200  284.16  379.98 1110.81 2 5
 20150921 1200  298.07  380.97 1062.48 2 5
 20150922 1200  101.60  159.21  937.21 2 5
 20150923 1200  159.16  258.85 1095.33 2 5
 20150924 1200  215.97  331.91 1410.62 2 5
 20150925 1200  189.08  329.03 1250.16 2 5
 20150926 1200  192.87  279.50 1171.80 2 5
 20150927 1200  189.55  277.59 1009.47 2 5
 20150928 1200  135.27  181.59  610.19 2 5
 20150929 1200  231.38  332.59 1283.94 2 5
 20150930 1200  172.10  245.99 1026.82 2 5
 20151001 1200  300.40  392.56 1090.16 2 5
 20151002 1200  315.18  405.91 1063.89 2 5
 20151003 1200  292.88  385.27 1111.28 2 5
 20151004 1200  265.72  356.84 1221.54 2 5
 20151005 1200  193.35  297.23 1149.75 2 5
 20151006 1200  212.15  309.78 1167.11 2 5
 20151007 1200  268.24  376.56 1181.66 2 5
 20151008 1200  258.82  387.03 1159.60 2 5
 20151009 1200  275.69  375.85 1143.65 2 5
 20151010 1200  303.70  390.23 1163.36 2 5
 20151011 1200  299.46  383.96 1123.48 2 5
 20151012 1200  283.84  368.62 1100.96 2 5
 20151013 1200  287.47  376.48 1142.24 2 5
 20151014 1200   80.08  103.97  399.06 2 5
 20151015 1200   69.26  114.57  415.48 2 5
 20151016 1200  288.65  388.20 1210.75 2 5
 20151017 1200  275.62  374.86 1107.99 2 5
 20151018 1200  240.22  361.99 1132.39 2 5
 20151019 1200  277.08  369.07 1171.33 2 5
 20151020 1200   96.73  156.17  856.98 2 5
 20151021 1200  257.80  361.63 1272.68 2 5
 20151022 1200  240.64  360.09 1020.26 2 5
 20151023 1200   30.08   42.06  218.89 2 5
 20151024 1200  248.66  337.49 1190.57 2 5
 20151025 1200  215.99  331.59 1213.56 2 5
 20151026 1200  227.19  314.43 1285.35 2 5
 20151027 1200  245.42  357.60 1212.62 2 5
 20151028 1200  270.33  372.28 1165.23 2 5
 20151029 1200  175.11  266.73 1149.75 2 5
 20151030 1200  205.35  291.67  982.25 2 5
 20151031 1200  259.64  338.44  923.14 2 5
 20151101 1200  227.70  301.65  886.07 2 5
 20151102 1200  208.10  294.09 1047.47 2 5
 20151103 1200  280.54  361.16 1062.48 2 5
 20151104 1200  157.91  298.80 1258.13 2 5
 20151105 1200  164.49  230.28  882.79 2 5
 20151106 1200   94.73  162.67  695.58 2 5
 20151107 1200  105.88  172.84  818.51 2 5
 20151108 1200  261.48  332.70 1106.12 2 5
 20151109 1200  215.30  296.10 1298.48 2 5
 20151110 1200  133.89  202.54  939.09 2 5
 20151111 1200  178.66  265.73 1114.56 2 5
 20151112 1200   68.46  115.07  800.21 2 5
 20151113 1200  236.34  347.27 1137.55 2 5
 20151114 1200  119.66  169.95  617.70 2 5
 20151115 1200  123.21  171.93  863.08 2 5
 20151116 1200  121.16  200.19 1115.50 2 5
 20151117 1200  271.69  350.50 1030.11 2 5
 20151118 1200  260.86  346.55 1031.52 2 5
 20151119 1200  289.39  378.68 1155.85 2 5
 20151120 1200   86.40  119.77  439.87 2 5
 20151121 1200  271.48  351.48 1190.57 2 5
 20151122 1200  198.72  269.78 1022.13 2 5
 20151123 1200  266.99  344.05 1000.08 2 5
 20151124 1200  207.15  280.21 1238.90 2 5
 20151125 1200  169.47  232.98 1196.67 2 5
 20151126 1200  153.27  274.85 1319.13 2 5
 20151127 1200  255.03  331.78 1192.45 2 5
 20151128 1200  184.68  254.48 1001.02 2 5
 20151129 1200   69.65  125.08  582.98 2 5
 20151130 1200   85.29  145.37  729.36 2 5
 Time: 1200  9 Mar 2016 to 1200 18 Apr 2016 (index  3401 to  3441,   41 times)
 Depth (M):       -3.5    -3.5    -3.5 QUALITY and SOURCE
 YYYYMMDD HHMM   SWRad   StDev     Max Q S
 20160309 1200   69.31  128.15  686.22 2 5
 20160310 1200  271.25  360.69 1219.61 2 5
 20160311 1200  281.93  364.51 1133.76 2 5
 20160312 1200  296.07  380.73 1066.68 2 5
 20160313 1200  263.09  361.01  998.19 2 5
 20160314 1200  240.59  309.01  944.24 2 5
 20160315 1200  185.97  282.07 1064.80 2 5
 20160316 1200  162.68  260.51 1177.86 2 5
 20160317 1200  268.31  363.73 1133.29 2 5
 20160318 1200  282.50  374.93 1029.62 2 5
 20160319 1200  287.99  378.09 1126.73 2 5
 20160320 1200  122.05  191.05  851.35 2 5
 20160321 1200  209.38  288.45 1205.07 2 5
 20160322 1200  267.51  355.55 1271.22 2 5
 20160323 1200  176.91  267.20 1075.12 2 5
 20160324 1200  283.96  377.15 1080.28 2 5
 20160325 1200  294.55  377.29 1009.44 2 5
 20160326 1200  219.79  329.20 1051.20 2 5
 20160327 1200  304.46  387.90 1038.53 2 5
 20160328 1200  289.53  392.73 1147.84 2 5
 20160329 1200  308.71  387.90 1232.28 2 5
 20160330 1200  210.96  286.47 1139.86 2 5
 20160331 1200  286.94  373.60 1087.32 2 5
 20160401 1200  297.62  381.04 1118.28 2 5
 20160402 1200  285.28  366.84 1259.96 2 5
 20160403 1200  245.23  334.91 1063.39 2 5
 20160404 1200  178.22  278.48 1219.14 2 5
 20160405 1200  240.66  338.97 1222.90 2 5
 20160406 1200   63.03  112.75  574.57 2 5
 20160407 1200  293.24  373.86 1057.76 2 5
 20160408 1200  303.86  380.61 1035.72 2 5
 20160409 1200  134.06  189.81 1060.58 2 5
 20160410 1200  263.67  350.95 1088.26 2 5
 20160411 1200  118.24  170.10  689.03 2 5
 20160412 1200  214.96  287.27 1156.28 2 5
 20160413 1200  300.76  385.61 1085.91 2 5
 20160414 1200  298.96  377.56 1159.56 2 5
 20160415 1200  300.45  384.32 1067.15 2 5
 20160416 1200  223.55  316.22 1227.12 2 5
 20160417 1200  227.58  360.68 1181.14 2 5
 20160418 1200  215.22  282.08 1074.18 2 5
 Time: 1200  5 Mar 2017 to 1200 14 Jun 2017 (index  3762 to  3863,  102 times)
 Depth (M):       -3.5    -3.5    -3.5 QUALITY and SOURCE
 YYYYMMDD HHMM   SWRad   StDev     Max Q S
 20170305 1200   63.21   86.81  280.75 2 1
 20170306 1200  294.02  393.21 1209.12 2 1
 20170307 1200  235.30  333.97 1273.97 2 1
 20170308 1200  315.47  401.38 1157.03 2 1
 20170309 1200  192.91  305.37 -999.99 2 1
 20170310 1200  304.24  399.84 1216.27 2 1
 20170311 1200  290.45  384.01 1114.65 2 1
 20170312 1200  296.07  392.18 1133.54 2 1
 20170313 1200  236.83  351.33 1250.99 2 1
 20170314 1200  313.43  399.33 1076.35 2 1
 20170315 1200  314.96  402.91 1076.86 2 1
 20170316 1200  297.60  386.06 1194.31 2 1
 20170317 1200  256.74  358.48 1252.02 2 1
 20170318 1200  263.89  362.57 1188.18 2 1
 20170319 1200  293.00  388.10 1224.44 2 1
 20170320 1200  145.42  244.09 1195.84 2 1
 20170321 1200  267.98  368.18 1157.54 2 1
 20170322 1200  294.02  384.53 1155.50 2 1
 20170323 1200  303.73  388.61 1072.78 2 1
 20170324 1200  309.34  401.38 1078.90 2 1
 20170325 1200  310.87  393.72 1088.10 2 1
 20170326 1200  319.04  402.91 1067.16 2 1
 20170327 1200  314.96  405.97 1090.65 2 1
 20170328 1200  266.96  360.52 1098.31 2 1
 20170329 1200  286.36  390.14 1132.01 2 1
 20170330 1200  305.26  398.31 1082.48 2 1
 20170331 1200  290.45  395.76 1161.12 2 1
 20170401 1200  305.26  389.12 1126.91 2 1
 20170402 1200  187.81  281.37 1235.16 2 1
 20170403 1200  306.28  396.27 1066.14 2 1
 20170404 1200  297.60  396.78 1151.93 2 1
 20170405 1200  305.77  395.25 1173.89 2 1
 20170406 1200   91.80  126.13  738.81 2 1
 20170407 1200  304.75  392.70 1146.82 2 1
 20170408 1200  304.75  401.38 1071.75 2 1
 20170409 1200  306.28  395.76 1044.69 2 1
 20170410 1200   74.95  110.81  825.62 2 1
 20170411 1200   60.14   91.92  388.49 2 1
 20170412 1200   79.04  124.09  657.10 2 1
 20170413 1200  132.14  191.50 1311.76 2 1
 20170414 1200  265.43  386.57 1260.70 2 1
 20170415 1200  272.06  365.12 1142.74 2 1
 20170416 1200  200.57  310.99 1154.99 2 1
 20170417 1200  257.26  348.27 1080.95 2 1
 20170418 1200  236.32  330.40 1030.39 2 1
 20170419 1200  282.79  367.16 1061.54 2 1
 20170420 1200  272.58  363.59 1120.27 2 1
 20170421 1200  262.36  339.08 1135.08 2 1
 20170422 1200  295.04  378.91 1024.26 2 1
 20170423 1200  265.94  336.01 1084.52 2 1
 20170424 1200  307.81  390.14 1085.54 2 1
 20170425 1200  294.53  381.97 1093.20 2 1
 20170426 1200  278.19  358.48 1077.88 2 1
 20170427 1200  288.92  368.69 1030.90 2 1
 20170428 1200  280.75  362.06 1003.33 2 1
 20170429 1200  282.79  390.65 1184.61 2 1
 20170430 1200  300.66  389.63 1078.39 2 1
 20170501 1200  233.25  355.93 1298.49 2 1
 20170502 1200  249.60  329.37 1091.16 2 1
 20170503 1200  257.26  349.80 1110.56 2 1
 20170504 1200  261.34  340.10 1018.14 2 1
 20170505 1200  223.04  306.91 1213.21 2 1
 20170506 1200  249.08  354.91 1150.40 2 1
 20170507 1200  295.04  372.78 1049.29 2 1
 20170508 1200  274.11  364.61 1113.63 2 1
 20170509 1200   89.25  157.28  624.42 2 1
 20170510 1200  166.87  270.65 1129.97 2 1
 20170511 1200   47.38   67.92  285.85 2 1
 20170512 1200   58.61   82.73  303.73 2 1
 20170513 1200  230.19  343.16 1193.80 2 1
 20170514 1200   90.27  146.05  806.21 2 1
 20170515 1200  212.83  305.37 1339.85 2 1
 20170516 1200   48.40   62.81  282.28 2 1
 20170517 1200  133.68  176.69  550.37 2 1
 20170518 1200  110.19  193.03  770.98 2 1
 20170519 1200  173.51  246.65 1182.06 2 1
 20170520 1200   59.12   75.58  320.58 2 1
 20170521 1200  107.12  150.13  737.78 2 1
 20170522 1200   38.69   55.66  203.64 2 1
 20170523 1200   62.69   82.73  261.34 2 1
 20170524 1200  155.63  255.84 1048.26 2 1
 20170525 1200  235.30  323.25 1136.61 2 1
 20170526 1200  278.70  359.50  961.45 2 1
 20170527 1200  264.92  351.84 1152.95 2 1
 20170528 1200  263.89  334.99 1038.05 2 1
 20170529 1200  261.34  345.20 1017.11 2 1
 20170530 1200  267.47  360.52 1173.89 2 1
 20170531 1200  181.68  278.82 1166.74 2 1
 20170601 1200  112.23  166.47  763.83 2 1
 20170602 1200  170.44  239.50 1047.24 2 1
 20170603 1200   98.95  175.16  840.94 2 1
 20170604 1200  232.23  325.80 1071.75 2 1
 20170605 1200  186.78  250.73  895.07 2 1
 20170606 1200  270.53  367.67 1098.31 2 1
 20170607 1200  229.17  312.01 1109.54 2 1
 20170608 1200  304.24  368.18 1007.92 2 1
 20170609 1200 -999.99   17.87   65.76 0 1
 20170610 1200  271.55  347.25 1046.73 2 1
 20170611 1200  260.83  340.10 1014.56 2 1
 20170612 1200  265.43  339.59 1061.03 2 1
 20170613 1200  264.92  345.20  979.84 2 1
 20170614 1200  274.62  349.29  964.52 2 1
 Time: 1200  4 Jun 2018 to 1200 31 Jul 2018 (index  4218 to  4275,   58 times)
 Depth (M):       -3.5    -3.5    -3.5 QUALITY and SOURCE
 YYYYMMDD HHMM   SWRad   StDev     Max Q S
 20180604 1200  222.19  292.16  979.09 2 1
 20180605 1200  230.67  304.03  994.78 2 1
 20180606 1200  256.96  346.44  953.22 2 1
 20180607 1200  238.72  311.24 1022.34 2 1
 20180608 1200  243.39  323.11 1034.63 2 1
 20180609 1200  243.81  322.27 1078.73 2 1
 20180610 1200  257.38  336.26  985.02 2 1
 20180611 1200  253.99  337.53 1120.71 2 1
 20180612 1200  259.08  343.04 1032.09 2 1
 20180613 1200  269.25  348.56  978.24 2 1
 20180614 1200  262.05  335.41 1049.48 2 1
 20180615 1200  246.78  323.54  998.17 2 1
 20180616 1200  226.00  298.10 1040.57 2 1
 20180617 1200  227.70  325.23 1084.25 2 1
 20180618 1200  164.94  211.59  700.92 2 1
 20180619 1200   93.70  123.39  523.25 2 1
 20180620 1200  179.78  251.03 1011.74 2 1
 20180621 1200  270.53  343.04  958.73 2 1
 20180622 1200  260.35  327.78 1086.37 2 1
 20180623 1200  167.91  239.15 1074.07 2 1
 20180624 1200  182.75  249.76 1165.24 2 1
 20180625 1200  216.67  284.10  975.69 2 1
 20180626 1200  245.51  333.71 1032.94 2 1
 20180627 1200   89.46  123.39  525.79 2 1
 20180628 1200  148.83  193.36  736.12 2 1
 20180629 1200  176.82  289.61 1267.85 2 1
 20180630 1200  207.35  298.94 1007.07 2 1
 20180701 1200  188.69  283.25 1091.03 2 1
 20180702 1200  239.57  318.02 1026.15 2 1
 20180703 1200  212.01  336.26 1076.61 2 1
 20180704 1200  187.42  265.02 1136.40 2 1
 20180705 1200  218.79  303.18 1049.05 2 1
 20180706 1200  230.24  320.57 1087.21 2 1
 20180707 1200  176.39  284.95 1085.52 2 1
 20180708 1200  222.19  316.33 1086.79 2 1
 20180709 1200  114.91  200.57  851.45 2 1
 20180710 1200  150.95  225.16 1050.32 2 1
 20180711 1200  198.02  257.39  831.52 2 1
 20180712 1200  249.33  327.78 1001.56 2 1
 20180713 1200   88.19  124.67  722.97 2 1
 20180714 1200  250.60  333.71 1008.34 2 1
 20180715 1200  210.31  289.19  981.21 2 1
 20180716 1200  255.69  333.29  971.45 2 1
 20180717 1200  184.87  271.81 1069.83 2 1
 20180718 1200  259.50  329.47  997.32 2 1
 20180719 1200  210.74  282.41 1096.97 2 1
 20180720 1200  240.84  330.32 1185.59 2 1
 20180721 1200  194.20  277.32 1129.19 2 1
 20180722 1200  274.34  355.76  967.64 2 1
 20180723 1200  271.80  347.71  960.85 2 1
 20180724 1200  252.29  329.47  969.76 2 1
 20180725 1200  250.60  340.07 1029.12 2 1
 20180726 1200   92.43  159.01  798.45 2 1
 20180727 1200  131.44  191.24  873.93 2 1
 20180728 1200  134.84  245.52 1211.46 2 1
 20180729 1200  127.20  204.81 1019.79 2 1
 20180730 1200  171.73  260.78 1062.62 2 1
 20180731 1200  287.49  363.40  984.60 2 1
