 Location:  4N  90E  16 Nov 2006 to 31 Jul 2018 ( 4276 times,  7 blocks) Gen. Date Feb 18 2025
 Units: Relative Humidity (%), -9.99 = missing
 Time: 1200 16 Nov 2006 to 1200 26 Nov 2006 (index     1 to    11,   11 times)
 Depth (M):        -3 QUALITY SOURCE
 YYYYMMDD HHMM     RH Q S
 20061116 1200  80.50 2 5
 20061117 1200  79.70 2 5
 20061118 1200  84.20 2 5
 20061119 1200  80.50 2 5
 20061120 1200  84.20 2 5
 20061121 1200  84.20 2 5
 20061122 1200  79.50 2 5
 20061123 1200  82.00 2 5
 20061124 1200  79.70 2 5
 20061125 1200  79.70 2 5
 20061126 1200  84.00 2 5
 Time: 1200  8 Oct 2007 to 1200  5 Jan 2008 (index   327 to   416,   90 times)
 Depth (M):        -3 QUALITY SOURCE
 YYYYMMDD HHMM     RH Q S
 20071008 1200  78.00 2 1
 20071009 1200  79.20 2 1
 20071010 1200  78.40 2 1
 20071011 1200  79.20 2 1
 20071012 1200  76.80 2 1
 20071013 1200  82.90 2 1
 20071014 1200  83.70 2 1
 20071015 1200  82.90 2 1
 20071016 1200  82.90 2 1
 20071017 1200  85.30 2 1
 20071018 1200  82.10 2 1
 20071019 1200  88.20 2 1
 20071020 1200  85.70 2 1
 20071021 1200  89.00 2 1
 20071022 1200  83.30 2 1
 20071023 1200  82.10 2 1
 20071024 1200  86.60 2 1
 20071025 1200  86.60 2 1
 20071026 1200  86.20 2 1
 20071027 1200  80.50 2 1
 20071028 1200  82.50 2 1
 20071029 1200  82.50 2 1
 20071030 1200  82.10 2 1
 20071031 1200  84.90 2 1
 20071101 1200  82.50 2 1
 20071102 1200  85.30 2 1
 20071103 1200  82.50 2 1
 20071104 1200  78.00 2 1
 20071105 1200  78.80 2 1
 20071106 1200  83.70 2 1
 20071107 1200  84.90 2 1
 20071108 1200  84.50 2 1
 20071109 1200  84.50 2 1
 20071110 1200  83.30 2 1
 20071111 1200  82.50 2 1
 20071112 1200  83.30 2 1
 20071113 1200  82.10 2 1
 20071114 1200  82.10 2 1
 20071115 1200  76.00 2 1
 20071116 1200  80.10 2 1
 20071117 1200  82.10 2 1
 20071118 1200  80.10 2 1
 20071119 1200  81.70 2 1
 20071120 1200  81.70 2 1
 20071121 1200  81.30 2 1
 20071122 1200  78.80 2 1
 20071123 1200  76.00 2 1
 20071124 1200  76.00 2 1
 20071125 1200  76.80 2 1
 20071126 1200  77.60 2 1
 20071127 1200  78.00 2 1
 20071128 1200  77.20 2 1
 20071129 1200  76.80 2 1
 20071130 1200  79.60 2 1
 20071201 1200  82.10 2 1
 20071202 1200  86.20 2 1
 20071203 1200  79.60 2 1
 20071204 1200  77.20 2 1
 20071205 1200  79.20 2 1
 20071206 1200  81.30 2 1
 20071207 1200  84.10 2 1
 20071208 1200  83.70 2 1
 20071209 1200  83.30 2 1
 20071210 1200  84.10 2 1
 20071211 1200  84.90 2 1
 20071212 1200  82.90 2 1
 20071213 1200  81.30 2 1
 20071214 1200  84.50 2 1
 20071215 1200  80.90 2 1
 20071216 1200  80.10 2 1
 20071217 1200  80.90 2 1
 20071218 1200  81.70 2 1
 20071219 1200  82.10 2 1
 20071220 1200  82.10 2 1
 20071221 1200  82.90 2 1
 20071222 1200  79.60 2 1
 20071223 1200  80.50 2 1
 20071224 1200  83.70 2 1
 20071225 1200  76.00 2 1
 20071226 1200  75.60 2 1
 20071227 1200  70.70 2 1
 20071228 1200  69.10 2 1
 20071229 1200  69.90 2 1
 20071230 1200  71.90 2 1
 20071231 1200  70.70 2 1
 20080101 1200  76.40 2 1
 20080102 1200  73.50 2 1
 20080103 1200  73.50 2 1
 20080104 1200  76.00 2 1
 20080105 1200  74.80 2 1
 Time: 1200  5 Jul 2010 to 1200 19 Dec 2013 (index  1328 to  2591, 1264 times)
 Depth (M):        -3 QUALITY SOURCE
 YYYYMMDD HHMM     RH Q S
 20100705 1200  75.40 1 1
 20100706 1200  76.60 1 1
 20100707 1200  77.70 1 1
 20100708 1200  79.10 1 1
 20100709 1200  78.40 1 1
 20100710 1200  78.00 1 1
 20100711 1200  77.70 1 1
 20100712 1200  79.90 1 1
 20100713 1200  81.00 1 1
 20100714 1200  81.30 1 1
 20100715 1200  81.00 1 1
 20100716 1200  81.00 1 1
 20100717 1200  80.20 1 1
 20100718 1200  79.90 1 1
 20100719 1200  79.50 1 1
 20100720 1200  79.90 1 1
 20100721 1200  78.80 1 1
 20100722 1200  78.80 1 1
 20100723 1200  79.10 1 1
 20100724 1200  79.50 1 1
 20100725 1200  78.80 1 1
 20100726 1200  79.90 1 1
 20100727 1200  80.60 1 1
 20100728 1200  84.30 1 1
 20100729 1200  81.30 1 1
 20100730 1200  78.40 1 1
 20100731 1200  81.70 1 1
 20100801 1200  81.70 1 1
 20100802 1200  81.30 1 1
 20100803 1200  79.90 1 1
 20100804 1200  79.90 1 1
 20100805 1200  78.80 1 1
 20100806 1200  80.20 1 1
 20100807 1200  80.20 1 1
 20100808 1200  80.60 1 1
 20100809 1200  82.10 1 1
 20100810 1200  82.80 1 1
 20100811 1200  86.10 1 1
 20100812 1200  81.70 1 1
 20100813 1200  80.60 1 1
 20100814 1200  79.90 1 1
 20100815 1200  85.00 1 1
 20100816 1200  81.70 1 1
 20100817 1200  81.30 1 1
 20100818 1200  84.70 1 1
 20100819 1200  85.40 1 1
 20100820 1200  83.60 1 1
 20100821 1200  84.30 1 1
 20100822 1200  83.20 1 1
 20100823 1200  82.10 1 1
 20100824 1200  82.80 1 1
 20100825 1200  82.50 1 1
 20100826 1200  81.30 1 1
 20100827 1200  80.60 1 1
 20100828 1200  81.00 1 1
 20100829 1200  79.90 1 1
 20100830 1200  79.90 1 1
 20100831 1200  81.00 1 1
 20100901 1200  79.90 1 1
 20100902 1200  81.30 1 1
 20100903 1200  79.50 1 1
 20100904 1200  80.60 1 1
 20100905 1200  80.60 1 1
 20100906 1200  80.60 1 1
 20100907 1200  75.80 1 1
 20100908 1200  75.40 1 1
 20100909 1200  81.00 1 1
 20100910 1200  80.60 1 1
 20100911 1200  76.90 1 1
 20100912 1200  78.00 1 1
 20100913 1200  79.50 1 1
 20100914 1200  78.80 1 1
 20100915 1200  80.20 1 1
 20100916 1200  81.00 1 1
 20100917 1200  81.00 1 1
 20100918 1200  80.60 1 1
 20100919 1200  81.30 1 1
 20100920 1200  82.80 1 1
 20100921 1200  82.50 1 1
 20100922 1200  82.80 1 1
 20100923 1200  81.70 1 1
 20100924 1200  82.80 1 1
 20100925 1200  81.30 1 1
 20100926 1200  85.00 1 1
 20100927 1200  82.80 1 1
 20100928 1200  86.10 1 1
 20100929 1200  84.70 1 1
 20100930 1200  84.30 1 1
 20101001 1200  83.20 1 1
 20101002 1200  84.70 1 1
 20101003 1200  86.90 1 1
 20101004 1200  82.50 1 1
 20101005 1200  82.10 1 1
 20101006 1200  81.30 1 1
 20101007 1200  78.40 1 1
 20101008 1200  78.00 1 1
 20101009 1200  80.20 1 1
 20101010 1200  81.00 1 1
 20101011 1200  79.90 1 1
 20101012 1200  79.90 1 1
 20101013 1200  79.90 1 1
 20101014 1200  79.50 1 1
 20101015 1200  77.70 1 1
 20101016 1200  74.30 1 1
 20101017 1200  76.60 1 1
 20101018 1200  77.70 1 1
 20101019 1200  74.70 1 1
 20101020 1200  77.70 1 1
 20101021 1200  74.30 1 1
 20101022 1200  75.10 1 1
 20101023 1200  76.20 1 1
 20101024 1200  76.60 1 1
 20101025 1200  77.70 1 1
 20101026 1200  80.60 1 1
 20101027 1200  87.60 1 1
 20101028 1200  81.30 1 1
 20101029 1200  84.30 1 1
 20101030 1200  81.00 1 1
 20101031 1200  81.70 1 1
 20101101 1200  82.10 1 1
 20101102 1200  81.30 1 1
 20101103 1200  80.20 1 1
 20101104 1200  82.80 1 1
 20101105 1200  78.00 1 1
 20101106 1200  79.90 1 1
 20101107 1200  81.70 1 1
 20101108 1200  81.30 1 1
 20101109 1200  83.60 1 1
 20101110 1200  89.80 1 1
 20101111 1200  83.20 1 1
 20101112 1200  82.50 1 1
 20101113 1200  74.70 1 1
 20101114 1200  80.20 1 1
 20101115 1200  80.20 1 1
 20101116 1200  81.30 1 1
 20101117 1200  78.40 1 1
 20101118 1200  82.80 1 1
 20101119 1200  82.10 1 1
 20101120 1200  80.20 1 1
 20101121 1200  83.20 1 1
 20101122 1200  86.90 1 1
 20101123 1200  86.90 1 1
 20101124 1200  90.20 1 1
 20101125 1200  86.10 1 1
 20101126 1200  91.70 1 1
 20101127 1200  83.60 1 1
 20101128 1200  83.90 1 1
 20101129 1200  85.80 1 1
 20101130 1200  82.80 1 1
 20101201 1200  85.80 1 1
 20101202 1200  92.00 1 1
 20101203 1200  82.10 1 1
 20101204 1200  88.00 1 1
 20101205 1200  85.00 1 1
 20101206 1200  85.40 1 1
 20101207 1200  82.10 1 1
 20101208 1200  80.60 1 1
 20101209 1200  78.00 1 1
 20101210 1200  81.00 1 1
 20101211 1200  84.30 1 1
 20101212 1200  82.10 1 1
 20101213 1200  81.00 1 1
 20101214 1200  79.90 1 1
 20101215 1200  73.60 1 1
 20101216 1200  73.20 1 1
 20101217 1200  72.90 1 1
 20101218 1200  75.40 1 1
 20101219 1200  82.50 1 1
 20101220 1200  82.80 1 1
 20101221 1200  79.50 1 1
 20101222 1200  79.90 1 1
 20101223 1200  81.70 1 1
 20101224 1200  83.20 1 1
 20101225 1200  84.70 1 1
 20101226 1200  79.50 1 1
 20101227 1200  80.60 1 1
 20101228 1200  76.60 1 1
 20101229 1200  76.20 1 1
 20101230 1200  78.40 1 1
 20101231 1200  81.30 1 1
 20110101 1200  78.80 1 1
 20110102 1200  77.70 1 1
 20110103 1200  89.10 1 1
 20110104 1200  91.70 1 1
 20110105 1200  86.50 1 1
 20110106 1200  88.00 1 1
 20110107 1200  80.20 1 1
 20110108 1200  82.50 1 1
 20110109 1200  84.30 1 1
 20110110 1200  81.00 1 1
 20110111 1200  81.30 1 1
 20110112 1200  78.40 1 1
 20110113 1200  73.20 1 1
 20110114 1200  69.20 1 1
 20110115 1200  68.10 1 1
 20110116 1200  70.30 1 1
 20110117 1200  71.00 1 1
 20110118 1200  75.10 1 1
 20110119 1200  73.60 1 1
 20110120 1200  69.90 1 1
 20110121 1200  74.00 1 1
 20110122 1200  73.20 1 1
 20110123 1200  78.80 1 1
 20110124 1200  79.90 1 1
 20110125 1200  79.50 1 1
 20110126 1200  80.60 1 1
 20110127 1200  75.40 1 1
 20110128 1200  82.10 1 1
 20110129 1200  80.20 1 1
 20110130 1200  78.00 1 1
 20110131 1200  85.00 1 1
 20110201 1200  81.30 1 1
 20110202 1200  82.80 1 1
 20110203 1200  82.80 1 1
 20110204 1200  72.50 1 1
 20110205 1200  74.70 1 1
 20110206 1200  75.40 1 1
 20110207 1200  71.80 1 1
 20110208 1200  69.50 1 1
 20110209 1200  83.60 1 1
 20110210 1200  90.90 1 1
 20110211 1200  83.90 1 1
 20110212 1200  92.00 1 1
 20110213 1200  87.60 1 1
 20110214 1200  87.60 1 1
 20110215 1200  79.10 1 1
 20110216 1200  77.70 1 1
 20110217 1200  75.80 1 1
 20110218 1200  78.80 1 1
 20110219 1200  78.00 1 1
 20110220 1200  76.90 1 1
 20110221 1200  83.90 1 1
 20110222 1200  80.60 1 1
 20110223 1200  81.70 1 1
 20110224 1200  84.70 1 1
 20110225 1200  85.00 1 1
 20110226 1200  87.20 1 1
 20110227 1200  83.20 1 1
 20110228 1200  75.10 1 1
 20110301 1200  73.60 1 1
 20110302 1200  72.90 1 1
 20110303 1200  74.00 1 1
 20110304 1200  75.80 1 1
 20110305 1200  75.80 1 1
 20110306 1200  75.80 1 1
 20110307 1200  82.10 1 1
 20110308 1200  81.30 1 1
 20110309 1200  75.40 1 1
 20110310 1200  77.70 1 1
 20110311 1200  70.70 1 1
 20110312 1200  71.40 1 1
 20110313 1200  68.80 1 1
 20110314 1200  68.10 1 1
 20110315 1200  71.80 1 1
 20110316 1200  77.30 1 1
 20110317 1200  76.20 1 1
 20110318 1200  74.30 1 1
 20110319 1200  72.10 1 1
 20110320 1200  71.00 1 1
 20110321 1200  67.70 1 1
 20110322 1200  69.50 1 1
 20110323 1200  71.80 1 1
 20110324 1200  77.30 1 1
 20110325 1200  79.50 1 1
 20110326 1200  79.10 1 1
 20110327 1200  85.00 1 1
 20110328 1200  81.30 1 1
 20110329 1200  86.90 1 1
 20110330 1200  80.60 1 1
 20110331 1200  81.00 1 1
 20110401 1200  74.70 1 1
 20110402 1200  75.10 1 1
 20110403 1200  73.20 1 1
 20110404 1200  70.70 1 1
 20110405 1200  67.00 1 1
 20110406 1200  69.20 1 1
 20110407 1200  64.80 1 1
 20110408 1200  65.90 1 1
 20110409 1200  67.30 1 1
 20110410 1200  72.50 1 1
 20110411 1200  76.90 1 1
 20110412 1200  82.10 1 1
 20110413 1200  85.40 1 1
 20110414 1200  82.10 1 1
 20110415 1200  77.70 1 1
 20110416 1200  72.90 1 1
 20110417 1200  83.60 1 1
 20110418 1200  88.30 1 1
 20110419 1200  82.80 1 1
 20110420 1200  81.00 1 1
 20110421 1200  80.60 1 1
 20110422 1200  75.40 1 1
 20110423 1200  83.90 1 1
 20110424 1200  85.80 1 1
 20110425 1200  81.00 1 1
 20110426 1200  82.10 1 1
 20110427 1200  84.30 1 1
 20110428 1200  88.30 1 1
 20110429 1200  79.50 1 1
 20110430 1200  82.80 1 1
 20110501 1200  78.80 1 1
 20110502 1200  80.20 1 1
 20110503 1200  81.00 1 1
 20110504 1200  82.80 1 1
 20110505 1200  83.20 1 1
 20110506 1200  91.70 1 1
 20110507 1200  87.20 1 1
 20110508 1200  85.00 1 1
 20110509 1200  86.10 1 1
 20110510 1200  82.80 1 1
 20110511 1200  81.70 1 1
 20110512 1200  78.40 1 1
 20110513 1200  77.70 1 1
 20110514 1200  78.40 1 1
 20110515 1200  78.80 1 1
 20110516 1200  74.30 1 1
 20110517 1200  76.60 1 1
 20110518 1200  72.10 1 1
 20110519 1200  73.60 1 1
 20110520 1200  72.50 1 1
 20110521 1200  75.80 1 1
 20110522 1200  75.40 1 1
 20110523 1200  73.60 1 1
 20110524 1200  71.40 1 1
 20110525 1200  72.90 1 1
 20110526 1200  77.30 1 1
 20110527 1200  83.20 1 1
 20110528 1200  88.30 1 1
 20110529 1200  82.50 1 1
 20110530 1200  83.90 1 1
 20110531 1200  81.00 1 1
 20110601 1200  83.60 1 1
 20110602 1200  83.60 1 1
 20110603 1200  81.00 1 1
 20110604 1200  77.70 1 1
 20110605 1200  -9.99 0 0
 20110606 1200  76.00 1 1
 20110607 1200  76.80 1 1
 20110608 1200  77.50 1 1
 20110609 1200  78.30 1 1
 20110610 1200  77.50 1 1
 20110611 1200  79.40 1 1
 20110612 1200  80.20 1 1
 20110613 1200  81.70 1 1
 20110614 1200  81.30 1 1
 20110615 1200  80.60 1 1
 20110616 1200  80.20 1 1
 20110617 1200  79.80 1 1
 20110618 1200  79.40 1 1
 20110619 1200  79.10 1 1
 20110620 1200  80.60 1 1
 20110621 1200  81.30 1 1
 20110622 1200  79.10 1 1
 20110623 1200  78.70 1 1
 20110624 1200  78.70 1 1
 20110625 1200  81.00 1 1
 20110626 1200  82.50 1 1
 20110627 1200  82.50 1 1
 20110628 1200  83.30 1 1
 20110629 1200  83.30 1 1
 20110630 1200  82.10 1 1
 20110701 1200  80.20 1 1
 20110702 1200  81.70 1 1
 20110703 1200  80.20 1 1
 20110704 1200  79.10 1 1
 20110705 1200  77.90 1 1
 20110706 1200  75.30 1 1
 20110707 1200  77.50 1 1
 20110708 1200  78.70 1 1
 20110709 1200  82.50 1 1
 20110710 1200  82.50 1 1
 20110711 1200  80.60 1 1
 20110712 1200  81.30 1 1
 20110713 1200  82.90 1 1
 20110714 1200  83.30 1 1
 20110715 1200  81.30 1 1
 20110716 1200  79.10 1 1
 20110717 1200  79.40 1 1
 20110718 1200  79.10 1 1
 20110719 1200  81.30 1 1
 20110720 1200  83.30 1 1
 20110721 1200  81.00 1 1
 20110722 1200  80.60 1 1
 20110723 1200  81.00 1 1
 20110724 1200  84.00 1 1
 20110725 1200  84.80 1 1
 20110726 1200  83.60 1 1
 20110727 1200  82.10 1 1
 20110728 1200  81.00 1 1
 20110729 1200  79.80 1 1
 20110730 1200  82.50 1 1
 20110731 1200  81.30 1 1
 20110801 1200  83.60 1 1
 20110802 1200  82.50 1 1
 20110803 1200  80.60 1 1
 20110804 1200  81.00 1 1
 20110805 1200  79.40 1 1
 20110806 1200  78.70 1 1
 20110807 1200  81.70 1 1
 20110808 1200  80.60 1 1
 20110809 1200  81.00 1 1
 20110810 1200  79.80 1 1
 20110811 1200  80.20 1 1
 20110812 1200  82.50 1 1
 20110813 1200  78.70 1 1
 20110814 1200  82.10 1 1
 20110815 1200  80.20 1 1
 20110816 1200  80.60 1 1
 20110817 1200  81.70 1 1
 20110818 1200  82.10 1 1
 20110819 1200  81.00 1 1
 20110820 1200  79.40 1 1
 20110821 1200  80.60 1 1
 20110822 1200  80.60 1 1
 20110823 1200  87.40 1 1
 20110824 1200  79.40 1 1
 20110825 1200  80.60 1 1
 20110826 1200  82.50 1 1
 20110827 1200  85.50 1 1
 20110828 1200  84.00 1 1
 20110829 1200  79.80 1 1
 20110830 1200  79.80 1 1
 20110831 1200  81.30 1 1
 20110901 1200  81.70 1 1
 20110902 1200  81.30 1 1
 20110903 1200  81.00 1 1
 20110904 1200  85.50 1 1
 20110905 1200  84.40 1 1
 20110906 1200  81.30 1 1
 20110907 1200  80.20 1 1
 20110908 1200  77.50 1 1
 20110909 1200  80.60 1 1
 20110910 1200  83.60 1 1
 20110911 1200  81.30 1 1
 20110912 1200  78.70 1 1
 20110913 1200  82.50 1 1
 20110914 1200  82.10 1 1
 20110915 1200  83.30 1 1
 20110916 1200  82.50 1 1
 20110917 1200  81.30 1 1
 20110918 1200  83.60 1 1
 20110919 1200  81.30 1 1
 20110920 1200  81.70 1 1
 20110921 1200  79.10 1 1
 20110922 1200  80.20 1 1
 20110923 1200  82.90 1 1
 20110924 1200  81.30 1 1
 20110925 1200  80.60 1 1
 20110926 1200  79.10 1 1
 20110927 1200  81.70 1 1
 20110928 1200  82.50 1 1
 20110929 1200  82.90 1 1
 20110930 1200  82.10 1 1
 20111001 1200  84.80 1 1
 20111002 1200  84.00 1 1
 20111003 1200  83.60 1 1
 20111004 1200  85.90 1 1
 20111005 1200  81.30 1 1
 20111006 1200  81.00 1 1
 20111007 1200  82.10 1 1
 20111008 1200  82.50 1 1
 20111009 1200  84.80 1 1
 20111010 1200  89.70 1 1
 20111011 1200  84.40 1 1
 20111012 1200  81.70 1 1
 20111013 1200  80.60 1 1
 20111014 1200  81.00 1 1
 20111015 1200  79.40 1 1
 20111016 1200  76.00 1 1
 20111017 1200  72.60 1 1
 20111018 1200  75.60 1 1
 20111019 1200  79.80 1 1
 20111020 1200  83.60 1 1
 20111021 1200  81.30 1 1
 20111022 1200  81.00 1 1
 20111023 1200  82.50 1 1
 20111024 1200  78.30 1 1
 20111025 1200  81.70 1 1
 20111026 1200  84.80 1 1
 20111027 1200  84.00 1 1
 20111028 1200  81.00 1 1
 20111029 1200  82.10 1 1
 20111030 1200  84.00 1 1
 20111031 1200  85.90 1 1
 20111101 1200  82.50 1 1
 20111102 1200  87.80 1 1
 20111103 1200  81.30 1 1
 20111104 1200  80.20 1 1
 20111105 1200  81.70 1 1
 20111106 1200  80.20 1 1
 20111107 1200  81.00 1 1
 20111108 1200  81.30 1 1
 20111109 1200  79.10 1 1
 20111110 1200  84.80 1 1
 20111111 1200  84.80 1 1
 20111112 1200  82.10 1 1
 20111113 1200  75.60 1 1
 20111114 1200  73.00 1 1
 20111115 1200  77.50 1 1
 20111116 1200  79.40 1 1
 20111117 1200  81.30 1 1
 20111118 1200  77.90 1 1
 20111119 1200  79.40 1 1
 20111120 1200  82.10 1 1
 20111121 1200  84.00 1 1
 20111122 1200  83.30 1 1
 20111123 1200  88.20 1 1
 20111124 1200  84.00 1 1
 20111125 1200  83.30 1 1
 20111126 1200  84.00 1 1
 20111127 1200  80.60 1 1
 20111128 1200  84.80 1 1
 20111129 1200  85.20 1 1
 20111130 1200  91.30 1 1
 20111201 1200  83.30 1 1
 20111202 1200  77.50 1 1
 20111203 1200  77.50 1 1
 20111204 1200  76.80 1 1
 20111205 1200  77.90 1 1
 20111206 1200  77.50 1 1
 20111207 1200  78.30 1 1
 20111208 1200  83.30 1 1
 20111209 1200  81.00 1 1
 20111210 1200  79.40 1 1
 20111211 1200  81.00 1 1
 20111212 1200  84.00 1 1
 20111213 1200  84.40 1 1
 20111214 1200  78.70 1 1
 20111215 1200  84.80 1 1
 20111216 1200  83.30 1 1
 20111217 1200  84.00 1 1
 20111218 1200  82.10 1 1
 20111219 1200  83.30 1 1
 20111220 1200  87.80 1 1
 20111221 1200  79.80 1 1
 20111222 1200  87.40 1 1
 20111223 1200  87.10 1 1
 20111224 1200  82.90 1 1
 20111225 1200  83.30 1 1
 20111226 1200  81.00 1 1
 20111227 1200  75.60 1 1
 20111228 1200  71.40 1 1
 20111229 1200  63.10 1 1
 20111230 1200  66.50 1 1
 20111231 1200  73.30 1 1
 20120101 1200  75.60 1 1
 20120102 1200  77.90 1 1
 20120103 1200  78.30 1 1
 20120104 1200  78.70 1 1
 20120105 1200  77.50 1 1
 20120106 1200  76.80 1 1
 20120107 1200  81.70 1 1
 20120108 1200  78.30 1 1
 20120109 1200  76.80 1 1
 20120110 1200  79.40 1 1
 20120111 1200  82.50 1 1
 20120112 1200  80.60 1 1
 20120113 1200  81.70 1 1
 20120114 1200  83.30 1 1
 20120115 1200  84.00 1 1
 20120116 1200  87.40 1 1
 20120117 1200  83.60 1 1
 20120118 1200  81.70 1 1
 20120119 1200  74.10 1 1
 20120120 1200  71.80 1 1
 20120121 1200  70.70 1 1
 20120122 1200  73.30 1 1
 20120123 1200  75.30 1 1
 20120124 1200  77.20 1 1
 20120125 1200  80.20 1 1
 20120126 1200  79.80 1 1
 20120127 1200  81.70 1 1
 20120128 1200  81.00 1 1
 20120129 1200  79.10 1 1
 20120130 1200  77.20 1 1
 20120131 1200  79.10 1 1
 20120201 1200  80.20 1 1
 20120202 1200  80.60 1 1
 20120203 1200  82.90 1 1
 20120204 1200  79.80 1 1
 20120205 1200  82.90 1 1
 20120206 1200  84.00 1 1
 20120207 1200  80.20 1 1
 20120208 1200  77.90 1 1
 20120209 1200  79.80 1 1
 20120210 1200  82.10 1 1
 20120211 1200  81.00 1 1
 20120212 1200  85.50 1 1
 20120213 1200  84.40 1 1
 20120214 1200  84.00 1 1
 20120215 1200  84.40 1 1
 20120216 1200  80.60 1 1
 20120217 1200  79.80 1 1
 20120218 1200  80.60 1 1
 20120219 1200  79.10 1 1
 20120220 1200  80.60 1 1
 20120221 1200  82.50 1 1
 20120222 1200  87.10 1 1
 20120223 1200  85.50 1 1
 20120224 1200  91.30 1 1
 20120225 1200  82.10 1 1
 20120226 1200  84.00 1 1
 20120227 1200  85.20 1 1
 20120228 1200  86.70 1 1
 20120229 1200  81.70 1 1
 20120301 1200  80.20 1 1
 20120302 1200  79.10 1 1
 20120303 1200  80.60 1 1
 20120304 1200  86.30 1 1
 20120305 1200  80.60 1 1
 20120306 1200  79.80 1 1
 20120307 1200  73.70 1 1
 20120308 1200  71.40 1 1
 20120309 1200  75.60 1 1
 20120310 1200  68.00 1 1
 20120311 1200  71.80 1 1
 20120312 1200  82.10 1 1
 20120313 1200  83.60 1 1
 20120314 1200  82.50 1 1
 20120315 1200  79.10 1 1
 20120316 1200  80.20 1 1
 20120317 1200  79.40 1 1
 20120318 1200  77.20 1 1
 20120319 1200  74.90 1 1
 20120320 1200  73.30 1 1
 20120321 1200  74.10 1 1
 20120322 1200  70.70 1 1
 20120323 1200  71.10 1 1
 20120324 1200  73.70 1 1
 20120325 1200  87.40 1 1
 20120326 1200  83.30 1 1
 20120327 1200  83.30 1 1
 20120328 1200  85.50 1 1
 20120329 1200  77.50 1 1
 20120330 1200  82.10 1 1
 20120331 1200  83.60 1 1
 20120401 1200  76.40 1 1
 20120402 1200  78.30 1 1
 20120403 1200  76.80 1 1
 20120404 1200  79.40 1 1
 20120405 1200  83.60 1 1
 20120406 1200  80.60 1 1
 20120407 1200  76.80 1 1
 20120408 1200  82.50 1 1
 20120409 1200  84.00 1 1
 20120410 1200  81.30 1 1
 20120411 1200  78.70 1 1
 20120412 1200  80.60 1 1
 20120413 1200  82.90 1 1
 20120414 1200  81.30 1 1
 20120415 1200  81.70 1 1
 20120416 1200  80.20 1 1
 20120417 1200  86.70 1 1
 20120418 1200  85.90 1 1
 20120419 1200  86.70 1 1
 20120420 1200  82.50 1 1
 20120421 1200  80.20 1 1
 20120422 1200  82.10 1 1
 20120423 1200  83.30 1 1
 20120424 1200  81.70 1 1
 20120425 1200  80.20 1 1
 20120426 1200  76.80 1 1
 20120427 1200  83.30 1 1
 20120428 1200  89.00 1 1
 20120429 1200  76.40 1 1
 20120430 1200  87.80 1 1
 20120501 1200  84.80 1 1
 20120502 1200  83.60 1 1
 20120503 1200  84.40 1 1
 20120504 1200  82.50 1 1
 20120505 1200  83.30 1 1
 20120506 1200  82.10 1 1
 20120507 1200  79.10 1 1
 20120508 1200  80.60 1 1
 20120509 1200  82.10 1 1
 20120510 1200  80.60 1 1
 20120511 1200  -9.99 0 0
 20120512 1200  81.40 2 1
 20120513 1200  81.40 2 1
 20120514 1200  80.60 2 1
 20120515 1200  79.80 2 1
 20120516 1200  79.80 2 1
 20120517 1200  81.40 2 1
 20120518 1200  79.40 2 1
 20120519 1200  79.00 2 1
 20120520 1200  81.80 2 1
 20120521 1200  80.60 2 1
 20120522 1200  80.20 2 1
 20120523 1200  82.20 2 1
 20120524 1200  84.50 2 1
 20120525 1200  81.80 2 1
 20120526 1200  83.00 2 1
 20120527 1200  82.20 2 1
 20120528 1200  81.80 2 1
 20120529 1200  82.20 2 1
 20120530 1200  81.80 2 1
 20120531 1200  83.00 2 1
 20120601 1200  81.80 2 1
 20120602 1200  81.80 2 1
 20120603 1200  82.20 2 1
 20120604 1200  82.20 2 1
 20120605 1200  83.70 2 1
 20120606 1200  83.70 2 1
 20120607 1200  82.20 2 1
 20120608 1200  83.00 2 1
 20120609 1200  83.30 2 1
 20120610 1200  83.00 2 1
 20120611 1200  81.40 2 1
 20120612 1200  80.20 2 1
 20120613 1200  77.40 2 1
 20120614 1200  77.00 2 1
 20120615 1200  77.40 2 1
 20120616 1200  79.00 2 1
 20120617 1200  78.20 2 1
 20120618 1200  79.40 2 1
 20120619 1200  81.80 2 1
 20120620 1200  80.20 2 1
 20120621 1200  79.40 2 1
 20120622 1200  79.00 2 1
 20120623 1200  77.00 2 1
 20120624 1200  76.30 2 1
 20120625 1200  76.30 2 1
 20120626 1200  79.40 2 1
 20120627 1200  80.20 2 1
 20120628 1200  79.80 2 1
 20120629 1200  80.60 2 1
 20120630 1200  82.20 2 1
 20120701 1200  81.00 2 1
 20120702 1200  79.40 2 1
 20120703 1200  80.20 2 1
 20120704 1200  80.20 2 1
 20120705 1200  81.00 2 1
 20120706 1200  81.40 2 1
 20120707 1200  81.80 2 1
 20120708 1200  82.20 2 1
 20120709 1200  81.80 2 1
 20120710 1200  80.20 2 1
 20120711 1200  79.40 2 1
 20120712 1200  82.60 2 1
 20120713 1200  84.90 2 1
 20120714 1200  83.70 2 1
 20120715 1200  83.30 2 1
 20120716 1200  81.40 2 1
 20120717 1200  81.80 2 1
 20120718 1200  81.80 2 1
 20120719 1200  82.60 2 1
 20120720 1200  82.60 2 1
 20120721 1200  83.30 2 1
 20120722 1200  83.00 2 1
 20120723 1200  80.60 2 1
 20120724 1200  83.30 2 1
 20120725 1200  83.70 2 1
 20120726 1200  83.70 2 1
 20120727 1200  81.40 2 1
 20120728 1200  81.40 2 1
 20120729 1200  81.40 2 1
 20120730 1200  80.60 2 1
 20120731 1200  81.00 2 1
 20120801 1200  80.60 2 1
 20120802 1200  82.60 2 1
 20120803 1200  79.80 2 1
 20120804 1200  79.40 2 1
 20120805 1200  79.40 2 1
 20120806 1200  79.00 2 1
 20120807 1200  76.30 2 1
 20120808 1200  73.50 2 1
 20120809 1200  75.50 2 1
 20120810 1200  81.40 2 1
 20120811 1200  80.20 2 1
 20120812 1200  78.20 2 1
 20120813 1200  76.70 2 1
 20120814 1200  77.00 2 1
 20120815 1200  83.00 2 1
 20120816 1200  77.80 2 1
 20120817 1200  80.20 2 1
 20120818 1200  82.20 2 1
 20120819 1200  82.60 2 1
 20120820 1200  84.10 2 1
 20120821 1200  82.60 2 1
 20120822 1200  81.00 2 1
 20120823 1200  77.80 2 1
 20120824 1200  79.80 2 1
 20120825 1200  83.00 2 1
 20120826 1200  86.10 2 1
 20120827 1200  79.00 2 1
 20120828 1200  81.40 2 1
 20120829 1200  80.60 2 1
 20120830 1200  79.00 2 1
 20120831 1200  79.80 2 1
 20120901 1200  81.40 2 1
 20120902 1200  82.60 2 1
 20120903 1200  84.90 2 1
 20120904 1200  82.60 2 1
 20120905 1200  81.00 2 1
 20120906 1200  81.80 2 1
 20120907 1200  81.80 2 1
 20120908 1200  82.60 2 1
 20120909 1200  83.30 2 1
 20120910 1200  83.30 2 1
 20120911 1200  83.70 2 1
 20120912 1200  85.30 2 1
 20120913 1200  80.20 2 1
 20120914 1200  82.60 2 1
 20120915 1200  85.30 2 1
 20120916 1200  79.00 2 1
 20120917 1200  77.40 2 1
 20120918 1200  81.00 2 1
 20120919 1200  80.20 2 1
 20120920 1200  77.80 2 1
 20120921 1200  74.70 2 1
 20120922 1200  76.70 2 1
 20120923 1200  76.70 2 1
 20120924 1200  81.40 2 1
 20120925 1200  80.60 2 1
 20120926 1200  83.00 2 1
 20120927 1200  82.60 2 1
 20120928 1200  82.60 2 1
 20120929 1200  80.60 2 1
 20120930 1200  80.20 2 1
 20121001 1200  81.00 2 1
 20121002 1200  79.00 2 1
 20121003 1200  77.80 2 1
 20121004 1200  77.40 2 1
 20121005 1200  76.70 2 1
 20121006 1200  76.30 2 1
 20121007 1200  75.50 2 1
 20121008 1200  76.30 2 1
 20121009 1200  77.80 2 1
 20121010 1200  76.30 2 1
 20121011 1200  71.90 2 1
 20121012 1200  73.90 2 1
 20121013 1200  79.00 2 1
 20121014 1200  81.80 2 1
 20121015 1200  85.30 2 1
 20121016 1200  88.10 2 1
 20121017 1200  83.00 2 1
 20121018 1200  82.60 2 1
 20121019 1200  78.20 2 1
 20121020 1200  83.70 2 1
 20121021 1200  84.10 2 1
 20121022 1200  83.30 2 1
 20121023 1200  79.00 2 1
 20121024 1200  82.20 2 1
 20121025 1200  84.90 2 1
 20121026 1200  82.20 2 1
 20121027 1200  87.30 2 1
 20121028 1200  85.70 2 1
 20121029 1200  83.70 2 1
 20121030 1200  78.60 2 1
 20121031 1200  81.80 2 1
 20121101 1200  86.10 2 1
 20121102 1200  79.00 2 1
 20121103 1200  84.90 2 1
 20121104 1200  81.40 2 1
 20121105 1200  83.00 2 1
 20121106 1200  86.90 2 1
 20121107 1200  81.80 2 1
 20121108 1200  86.50 2 1
 20121109 1200  90.00 2 1
 20121110 1200  86.90 2 1
 20121111 1200  88.50 2 1
 20121112 1200  88.10 2 1
 20121113 1200  84.10 2 1
 20121114 1200  84.90 2 1
 20121115 1200  85.30 2 1
 20121116 1200  84.10 2 1
 20121117 1200  83.70 2 1
 20121118 1200  83.00 2 1
 20121119 1200  81.00 2 1
 20121120 1200  78.20 2 1
 20121121 1200  81.80 2 1
 20121122 1200  75.50 2 1
 20121123 1200  77.80 2 1
 20121124 1200  77.40 2 1
 20121125 1200  88.10 2 1
 20121126 1200  79.80 2 1
 20121127 1200  83.30 2 1
 20121128 1200  83.70 2 1
 20121129 1200  85.30 2 1
 20121130 1200  88.10 2 1
 20121201 1200  81.80 2 1
 20121202 1200  76.70 2 1
 20121203 1200  76.30 2 1
 20121204 1200  77.80 2 1
 20121205 1200  78.20 2 1
 20121206 1200  81.40 2 1
 20121207 1200  81.80 2 1
 20121208 1200  81.40 2 1
 20121209 1200  82.20 2 1
 20121210 1200  78.60 2 1
 20121211 1200  77.00 2 1
 20121212 1200  78.20 2 1
 20121213 1200  80.20 2 1
 20121214 1200  86.50 2 1
 20121215 1200  84.50 2 1
 20121216 1200  78.60 2 1
 20121217 1200  79.80 2 1
 20121218 1200  82.60 2 1
 20121219 1200  86.10 2 1
 20121220 1200  86.50 2 1
 20121221 1200  82.60 2 1
 20121222 1200  83.00 2 1
 20121223 1200  86.10 2 1
 20121224 1200  79.00 2 1
 20121225 1200  78.60 2 1
 20121226 1200  86.10 2 1
 20121227 1200  84.90 2 1
 20121228 1200  84.50 2 1
 20121229 1200  81.80 2 1
 20121230 1200  81.80 2 1
 20121231 1200  85.30 2 1
 20130101 1200  84.50 2 1
 20130102 1200  86.10 2 1
 20130103 1200  86.10 2 1
 20130104 1200  83.30 2 1
 20130105 1200  86.50 2 1
 20130106 1200  86.50 2 1
 20130107 1200  85.70 2 1
 20130108 1200  83.70 2 1
 20130109 1200  83.00 2 1
 20130110 1200  80.60 2 1
 20130111 1200  79.80 2 1
 20130112 1200  82.20 2 1
 20130113 1200  81.40 2 1
 20130114 1200  81.80 2 1
 20130115 1200  82.20 2 1
 20130116 1200  86.50 2 1
 20130117 1200  82.20 2 1
 20130118 1200  82.20 2 1
 20130119 1200  82.60 2 1
 20130120 1200  83.30 2 1
 20130121 1200  82.20 2 1
 20130122 1200  81.40 2 1
 20130123 1200  82.20 2 1
 20130124 1200  84.10 2 1
 20130125 1200  80.60 2 1
 20130126 1200  82.20 2 1
 20130127 1200  82.60 2 1
 20130128 1200  79.40 2 1
 20130129 1200  81.00 2 1
 20130130 1200  80.60 2 1
 20130131 1200  83.00 2 1
 20130201 1200  86.50 2 1
 20130202 1200  88.90 2 1
 20130203 1200  86.90 2 1
 20130204 1200  81.80 2 1
 20130205 1200  83.70 2 1
 20130206 1200  84.10 2 1
 20130207 1200  82.20 2 1
 20130208 1200  81.80 2 1
 20130209 1200  81.80 2 1
 20130210 1200  85.30 2 1
 20130211 1200  87.70 2 1
 20130212 1200  82.60 2 1
 20130213 1200  79.80 2 1
 20130214 1200  79.40 2 1
 20130215 1200  81.80 2 1
 20130216 1200  82.60 2 1
 20130217 1200  81.00 2 1
 20130218 1200  80.20 2 1
 20130219 1200  80.60 2 1
 20130220 1200  79.40 2 1
 20130221 1200  79.80 2 1
 20130222 1200  81.40 2 1
 20130223 1200  81.80 2 1
 20130224 1200  83.00 2 1
 20130225 1200  83.70 2 1
 20130226 1200  83.00 2 1
 20130227 1200  83.00 2 1
 20130228 1200  82.60 2 1
 20130301 1200  81.00 2 1
 20130302 1200  85.70 2 1
 20130303 1200  77.40 2 1
 20130304 1200  82.60 2 1
 20130305 1200  79.80 2 1
 20130306 1200  77.80 2 1
 20130307 1200  74.70 2 1
 20130308 1200  80.60 2 1
 20130309 1200  81.40 2 1
 20130310 1200  80.60 2 1
 20130311 1200  77.40 2 1
 20130312 1200  77.00 2 1
 20130313 1200  75.10 2 1
 20130314 1200  74.70 2 1
 20130315 1200  78.20 2 1
 20130316 1200  81.40 2 1
 20130317 1200  78.60 2 1
 20130318 1200  79.00 2 1
 20130319 1200  83.30 2 1
 20130320 1200  79.40 2 1
 20130321 1200  81.40 2 1
 20130322 1200  76.70 2 1
 20130323 1200  83.00 2 1
 20130324 1200  79.40 2 1
 20130325 1200  80.20 2 1
 20130326 1200  76.70 2 1
 20130327 1200  74.70 2 1
 20130328 1200  74.70 2 1
 20130329 1200  74.30 2 1
 20130330 1200  72.70 2 1
 20130331 1200  74.70 2 1
 20130401 1200  80.20 2 1
 20130402 1200  90.40 2 1
 20130403 1200  83.00 2 1
 20130404 1200  85.30 2 1
 20130405 1200  89.30 2 1
 20130406 1200  79.80 2 1
 20130407 1200  78.20 2 1
 20130408 1200  81.00 2 1
 20130409 1200  80.60 2 1
 20130410 1200  84.50 2 1
 20130411 1200  81.00 2 1
 20130412 1200  78.60 2 1
 20130413 1200  83.00 2 1
 20130414 1200  82.60 2 1
 20130415 1200  81.40 2 1
 20130416 1200  85.70 2 1
 20130417 1200  81.40 2 1
 20130418 1200  81.80 2 1
 20130419 1200  81.40 2 1
 20130420 1200  81.00 2 1
 20130421 1200  81.00 2 1
 20130422 1200  76.70 2 1
 20130423 1200  72.30 2 1
 20130424 1200  74.70 2 1
 20130425 1200  79.00 2 1
 20130426 1200  75.50 2 1
 20130427 1200  74.30 2 1
 20130428 1200  75.50 2 1
 20130429 1200  78.60 2 1
 20130430 1200  76.30 2 1
 20130501 1200  82.60 2 1
 20130502 1200  86.50 2 1
 20130503 1200  84.50 2 1
 20130504 1200  86.50 2 1
 20130505 1200  93.20 2 1
 20130506 1200  84.90 2 1
 20130507 1200  87.30 2 1
 20130508 1200  86.50 2 1
 20130509 1200  89.30 2 1
 20130510 1200  84.50 2 1
 20130511 1200  81.40 2 1
 20130512 1200  85.70 2 1
 20130513 1200  84.10 2 1
 20130514 1200  83.70 2 1
 20130515 1200  84.90 2 1
 20130516 1200  84.90 2 1
 20130517 1200  86.90 2 1
 20130518 1200  84.90 2 1
 20130519 1200  77.80 2 1
 20130520 1200  79.00 2 1
 20130521 1200  81.00 2 1
 20130522 1200  79.40 2 1
 20130523 1200  79.80 2 1
 20130524 1200  81.40 2 1
 20130525 1200  79.80 2 1
 20130526 1200  81.40 2 1
 20130527 1200  80.60 2 1
 20130528 1200  79.80 2 1
 20130529 1200  78.20 2 1
 20130530 1200  79.40 2 1
 20130531 1200  80.60 2 1
 20130601 1200  82.20 2 1
 20130602 1200  79.80 2 1
 20130603 1200  82.60 2 1
 20130604 1200  84.90 2 1
 20130605 1200  82.20 2 1
 20130606 1200  87.30 2 1
 20130607 1200  85.70 2 1
 20130608 1200  88.50 2 1
 20130609 1200  84.50 2 1
 20130610 1200  84.10 2 1
 20130611 1200  82.20 2 1
 20130612 1200  83.70 2 1
 20130613 1200  83.30 2 1
 20130614 1200  83.30 2 1
 20130615 1200  83.70 2 1
 20130616 1200  83.00 2 1
 20130617 1200  84.50 2 1
 20130618 1200  84.10 2 1
 20130619 1200  81.00 2 1
 20130620 1200  83.00 2 1
 20130621 1200  83.30 2 1
 20130622 1200  84.50 2 1
 20130623 1200  85.30 2 1
 20130624 1200  84.50 2 1
 20130625 1200  83.00 2 1
 20130626 1200  79.00 2 1
 20130627 1200  80.60 2 1
 20130628 1200  81.00 2 1
 20130629 1200  82.20 2 1
 20130630 1200  80.60 2 1
 20130701 1200  81.80 2 1
 20130702 1200  80.60 2 1
 20130703 1200  78.60 2 1
 20130704 1200  78.20 2 1
 20130705 1200  80.60 2 1
 20130706 1200  81.80 2 1
 20130707 1200  79.80 2 1
 20130708 1200  83.30 2 1
 20130709 1200  83.00 2 1
 20130710 1200  81.80 2 1
 20130711 1200  80.60 2 1
 20130712 1200  82.20 2 1
 20130713 1200  83.00 2 1
 20130714 1200  83.30 2 1
 20130715 1200  83.00 2 1
 20130716 1200  82.60 2 1
 20130717 1200  82.20 2 1
 20130718 1200  80.60 2 1
 20130719 1200  81.40 2 1
 20130720 1200  80.60 2 1
 20130721 1200  81.40 2 1
 20130722 1200  79.80 2 1
 20130723 1200  82.60 2 1
 20130724 1200  83.00 2 1
 20130725 1200  79.80 2 1
 20130726 1200  79.80 2 1
 20130727 1200  83.30 2 1
 20130728 1200  86.10 2 1
 20130729 1200  84.10 2 1
 20130730 1200  82.20 2 1
 20130731 1200  81.40 2 1
 20130801 1200  82.60 2 1
 20130802 1200  82.60 2 1
 20130803 1200  82.60 2 1
 20130804 1200  85.30 2 1
 20130805 1200  86.50 2 1
 20130806 1200  86.50 2 1
 20130807 1200  85.30 2 1
 20130808 1200  91.20 2 1
 20130809 1200  84.50 2 1
 20130810 1200  83.70 2 1
 20130811 1200  85.30 2 1
 20130812 1200  85.30 2 1
 20130813 1200  85.30 2 1
 20130814 1200  86.90 2 1
 20130815 1200  83.70 2 1
 20130816 1200  79.00 2 1
 20130817 1200  77.00 2 1
 20130818 1200  77.40 2 1
 20130819 1200  81.80 2 1
 20130820 1200  82.60 2 1
 20130821 1200  81.80 2 1
 20130822 1200  81.00 2 1
 20130823 1200  82.20 2 1
 20130824 1200  83.00 2 1
 20130825 1200  83.70 2 1
 20130826 1200  85.30 2 1
 20130827 1200  81.40 2 1
 20130828 1200  82.20 2 1
 20130829 1200  81.80 2 1
 20130830 1200  85.70 2 1
 20130831 1200  85.30 2 1
 20130901 1200  88.10 2 1
 20130902 1200  88.10 2 1
 20130903 1200  83.30 2 1
 20130904 1200  83.70 2 1
 20130905 1200  81.40 2 1
 20130906 1200  78.60 2 1
 20130907 1200  78.20 2 1
 20130908 1200  81.80 2 1
 20130909 1200  81.00 2 1
 20130910 1200  83.70 2 1
 20130911 1200  81.80 2 1
 20130912 1200  80.20 2 1
 20130913 1200  79.80 2 1
 20130914 1200  81.40 2 1
 20130915 1200  76.70 2 1
 20130916 1200  80.20 2 1
 20130917 1200  81.80 2 1
 20130918 1200  80.60 2 1
 20130919 1200  82.60 2 1
 20130920 1200  83.70 2 1
 20130921 1200  84.90 2 1
 20130922 1200  84.10 2 1
 20130923 1200  84.50 2 1
 20130924 1200  83.30 2 1
 20130925 1200  84.90 2 1
 20130926 1200  83.70 2 1
 20130927 1200  82.20 2 1
 20130928 1200  82.60 2 1
 20130929 1200  83.70 2 1
 20130930 1200  84.10 2 1
 20131001 1200  83.30 2 1
 20131002 1200  83.00 2 1
 20131003 1200  83.00 2 1
 20131004 1200  80.20 2 1
 20131005 1200  77.80 2 1
 20131006 1200  79.40 2 1
 20131007 1200  81.00 2 1
 20131008 1200  82.60 2 1
 20131009 1200  80.60 2 1
 20131010 1200  80.60 2 1
 20131011 1200  81.00 2 1
 20131012 1200  84.10 2 1
 20131013 1200  81.80 2 1
 20131014 1200  80.60 2 1
 20131015 1200  83.30 2 1
 20131016 1200  86.50 2 1
 20131017 1200  88.90 2 1
 20131018 1200  85.70 2 1
 20131019 1200  86.50 2 1
 20131020 1200  84.50 2 1
 20131021 1200  82.60 2 1
 20131022 1200  84.10 2 1
 20131023 1200  77.40 2 1
 20131024 1200  78.20 2 1
 20131025 1200  74.30 2 1
 20131026 1200  75.10 2 1
 20131027 1200  79.80 2 1
 20131028 1200  78.60 2 1
 20131029 1200  76.70 2 1
 20131030 1200  83.70 2 1
 20131031 1200  82.20 2 1
 20131101 1200  82.20 2 1
 20131102 1200  81.00 2 1
 20131103 1200  77.40 2 1
 20131104 1200  77.40 2 1
 20131105 1200  76.30 2 1
 20131106 1200  80.60 2 1
 20131107 1200  86.90 2 1
 20131108 1200  79.40 2 1
 20131109 1200  80.60 2 1
 20131110 1200  81.80 2 1
 20131111 1200  80.20 2 1
 20131112 1200  82.60 2 1
 20131113 1200  84.10 2 1
 20131114 1200  87.30 2 1
 20131115 1200  81.80 2 1
 20131116 1200  80.20 2 1
 20131117 1200  80.60 2 1
 20131118 1200  77.00 2 1
 20131119 1200  79.00 2 1
 20131120 1200  75.90 2 1
 20131121 1200  73.90 2 1
 20131122 1200  70.00 2 1
 20131123 1200  73.50 2 1
 20131124 1200  77.40 2 1
 20131125 1200  76.30 2 1
 20131126 1200  79.40 2 1
 20131127 1200  78.20 2 1
 20131128 1200  81.80 2 1
 20131129 1200  81.80 2 1
 20131130 1200  85.70 2 1
 20131201 1200  87.30 2 1
 20131202 1200  85.30 2 1
 20131203 1200  81.00 2 1
 20131204 1200  82.60 2 1
 20131205 1200  86.90 2 1
 20131206 1200  85.70 2 1
 20131207 1200  86.10 2 1
 20131208 1200  85.70 2 1
 20131209 1200  86.10 2 1
 20131210 1200  82.60 2 1
 20131211 1200  78.20 2 1
 20131212 1200  81.00 2 1
 20131213 1200  81.40 2 1
 20131214 1200  81.40 2 1
 20131215 1200  81.40 2 1
 20131216 1200  77.40 2 1
 20131217 1200  82.60 2 1
 20131218 1200  79.80 2 1
 20131219 1200  75.50 2 1
 Time: 1200  1 Dec 2014 to 1200 30 Nov 2015 (index  2938 to  3302,  365 times)
 Depth (M):        -3 QUALITY SOURCE
 YYYYMMDD HHMM     RH Q S
 20141201 1200  78.40 1 5
 20141202 1200  81.70 1 5
 20141203 1200  83.20 1 5
 20141204 1200  82.80 1 5
 20141205 1200  86.50 1 5
 20141206 1200  84.00 1 5
 20141207 1200  80.90 1 5
 20141208 1200  81.80 1 5
 20141209 1200  81.20 1 5
 20141210 1200  79.70 1 5
 20141211 1200  79.60 1 5
 20141212 1200  72.90 1 5
 20141213 1200  75.60 1 5
 20141214 1200  80.30 1 5
 20141215 1200  78.30 1 5
 20141216 1200  79.00 1 5
 20141217 1200  83.30 1 5
 20141218 1200  82.50 1 5
 20141219 1200  79.40 1 5
 20141220 1200  84.60 1 5
 20141221 1200  83.10 1 5
 20141222 1200  81.90 1 5
 20141223 1200  83.70 1 5
 20141224 1200  87.10 1 5
 20141225 1200  82.20 1 5
 20141226 1200  81.20 1 5
 20141227 1200  78.10 1 5
 20141228 1200  79.00 1 5
 20141229 1200  79.40 1 5
 20141230 1200  77.90 1 5
 20141231 1200  75.20 1 5
 20150101 1200  76.50 1 5
 20150102 1200  73.00 1 5
 20150103 1200  80.40 1 5
 20150104 1200  80.50 1 5
 20150105 1200  72.50 1 5
 20150106 1200  77.80 1 5
 20150107 1200  77.30 1 5
 20150108 1200  72.50 1 5
 20150109 1200  73.10 1 5
 20150110 1200  83.20 1 5
 20150111 1200  81.00 1 5
 20150112 1200  71.60 1 5
 20150113 1200  71.20 1 5
 20150114 1200  72.40 1 5
 20150115 1200  73.30 1 5
 20150116 1200  75.40 1 5
 20150117 1200  78.80 1 5
 20150118 1200  77.50 1 5
 20150119 1200  74.70 1 5
 20150120 1200  77.00 1 5
 20150121 1200  78.90 1 5
 20150122 1200  79.20 1 5
 20150123 1200  77.30 1 5
 20150124 1200  71.80 1 5
 20150125 1200  77.00 1 5
 20150126 1200  83.50 1 5
 20150127 1200  78.10 1 5
 20150128 1200  78.20 1 5
 20150129 1200  80.90 1 5
 20150130 1200  80.90 1 5
 20150131 1200  81.10 1 5
 20150201 1200  80.40 1 5
 20150202 1200  80.10 1 5
 20150203 1200  83.80 1 5
 20150204 1200  83.80 1 5
 20150205 1200  83.90 1 5
 20150206 1200  78.10 1 5
 20150207 1200  82.40 1 5
 20150208 1200  84.80 1 5
 20150209 1200  87.80 1 5
 20150210 1200  84.80 1 5
 20150211 1200  83.80 1 5
 20150212 1200  78.30 1 5
 20150213 1200  77.00 1 5
 20150214 1200  79.10 1 5
 20150215 1200  73.30 1 5
 20150216 1200  73.00 1 5
 20150217 1200  77.90 1 5
 20150218 1200  75.60 1 5
 20150219 1200  75.90 1 5
 20150220 1200  77.80 1 5
 20150221 1200  74.70 1 5
 20150222 1200  71.80 1 5
 20150223 1200  72.10 1 5
 20150224 1200  73.10 1 5
 20150225 1200  75.50 1 5
 20150226 1200  74.60 1 5
 20150227 1200  71.90 1 5
 20150228 1200  72.60 1 5
 20150301 1200  78.40 1 5
 20150302 1200  79.20 1 5
 20150303 1200  77.40 1 5
 20150304 1200  75.00 1 5
 20150305 1200  77.20 1 5
 20150306 1200  80.40 1 5
 20150307 1200  76.80 1 5
 20150308 1200  79.90 1 5
 20150309 1200  78.70 1 5
 20150310 1200  83.40 1 5
 20150311 1200  80.30 1 5
 20150312 1200  83.00 1 5
 20150313 1200  83.90 1 5
 20150314 1200  78.30 1 5
 20150315 1200  75.70 1 5
 20150316 1200  74.20 1 5
 20150317 1200  74.70 1 5
 20150318 1200  80.20 1 5
 20150319 1200  79.90 1 5
 20150320 1200  77.60 1 5
 20150321 1200  81.70 1 5
 20150322 1200  78.10 1 5
 20150323 1200  78.00 1 5
 20150324 1200  80.40 1 5
 20150325 1200  79.30 1 5
 20150326 1200  81.90 1 5
 20150327 1200  80.80 1 5
 20150328 1200  79.50 1 5
 20150329 1200  79.70 1 5
 20150330 1200  77.80 1 5
 20150331 1200  77.10 1 5
 20150401 1200  81.20 1 5
 20150402 1200  77.90 1 5
 20150403 1200  77.10 1 5
 20150404 1200  76.10 1 5
 20150405 1200  75.20 1 5
 20150406 1200  79.90 1 5
 20150407 1200  80.10 1 5
 20150408 1200  85.50 1 5
 20150409 1200  81.80 1 5
 20150410 1200  82.80 1 5
 20150411 1200  79.20 1 5
 20150412 1200  77.70 1 5
 20150413 1200  79.60 1 5
 20150414 1200  82.30 1 5
 20150415 1200  81.20 1 5
 20150416 1200  75.80 1 5
 20150417 1200  79.90 1 5
 20150418 1200  83.80 1 5
 20150419 1200  82.20 1 5
 20150420 1200  82.80 1 5
 20150421 1200  78.00 1 5
 20150422 1200  81.80 1 5
 20150423 1200  73.60 1 5
 20150424 1200  70.10 1 5
 20150425 1200  72.70 1 5
 20150426 1200  76.40 1 5
 20150427 1200  81.10 1 5
 20150428 1200  81.00 1 5
 20150429 1200  80.40 1 5
 20150430 1200  84.00 1 5
 20150501 1200  79.70 1 5
 20150502 1200  81.80 1 5
 20150503 1200  83.10 1 5
 20150504 1200  82.40 1 5
 20150505 1200  80.00 1 5
 20150506 1200  75.60 1 5
 20150507 1200  74.80 1 5
 20150508 1200  -9.99 0 0
 20150509 1200  -9.99 0 0
 20150510 1200  80.30 1 5
 20150511 1200  83.20 1 5
 20150512 1200  84.20 1 5
 20150513 1200  81.80 1 5
 20150514 1200  81.60 1 5
 20150515 1200  80.10 1 5
 20150516 1200  79.00 1 5
 20150517 1200  76.80 1 5
 20150518 1200  76.00 1 5
 20150519 1200  78.70 1 5
 20150520 1200  77.10 1 5
 20150521 1200  76.80 1 5
 20150522 1200  79.50 1 5
 20150523 1200  76.50 1 5
 20150524 1200  81.40 1 5
 20150525 1200  80.30 1 5
 20150526 1200  79.30 1 5
 20150527 1200  78.10 1 5
 20150528 1200  76.20 1 5
 20150529 1200  74.20 1 5
 20150530 1200  74.40 1 5
 20150531 1200  74.50 1 5
 20150601 1200  77.00 1 5
 20150602 1200  75.80 1 5
 20150603 1200  75.70 1 5
 20150604 1200  74.90 1 5
 20150605 1200  76.90 1 5
 20150606 1200  74.40 1 5
 20150607 1200  78.90 1 5
 20150608 1200  75.40 1 5
 20150609 1200  77.80 1 5
 20150610 1200  77.20 1 5
 20150611 1200  78.50 1 5
 20150612 1200  78.80 1 5
 20150613 1200  75.90 1 5
 20150614 1200  78.30 1 5
 20150615 1200  78.70 1 5
 20150616 1200  80.80 1 5
 20150617 1200  78.30 1 5
 20150618 1200  79.30 1 5
 20150619 1200  79.50 1 5
 20150620 1200  78.10 1 5
 20150621 1200  78.50 1 5
 20150622 1200  77.90 1 5
 20150623 1200  79.30 1 5
 20150624 1200  78.20 1 5
 20150625 1200  77.10 1 5
 20150626 1200  75.00 1 5
 20150627 1200  75.70 1 5
 20150628 1200  78.90 1 5
 20150629 1200  79.20 1 5
 20150630 1200  75.70 1 5
 20150701 1200  73.70 1 5
 20150702 1200  79.90 1 5
 20150703 1200  76.90 1 5
 20150704 1200  83.30 1 5
 20150705 1200  86.10 1 5
 20150706 1200  87.70 1 5
 20150707 1200  81.30 1 5
 20150708 1200  80.30 1 5
 20150709 1200  80.70 1 5
 20150710 1200  81.20 1 5
 20150711 1200  79.60 1 5
 20150712 1200  81.30 1 5
 20150713 1200  80.40 1 5
 20150714 1200  81.00 1 5
 20150715 1200  82.40 1 5
 20150716 1200  82.90 1 5
 20150717 1200  81.50 1 5
 20150718 1200  82.10 1 5
 20150719 1200  80.90 1 5
 20150720 1200  82.50 1 5
 20150721 1200  82.00 1 5
 20150722 1200  81.70 1 5
 20150723 1200  78.50 1 5
 20150724 1200  75.30 1 5
 20150725 1200  78.70 1 5
 20150726 1200  77.10 1 5
 20150727 1200  77.10 1 5
 20150728 1200  77.90 1 5
 20150729 1200  81.60 1 5
 20150730 1200  73.80 1 5
 20150731 1200  77.50 1 5
 20150801 1200  78.60 1 5
 20150802 1200  78.80 1 5
 20150803 1200  78.00 1 5
 20150804 1200  79.30 1 5
 20150805 1200  80.10 1 5
 20150806 1200  79.00 1 5
 20150807 1200  82.30 1 5
 20150808 1200  81.80 1 5
 20150809 1200  84.80 1 5
 20150810 1200  84.40 1 5
 20150811 1200  80.20 1 5
 20150812 1200  82.90 1 5
 20150813 1200  80.10 1 5
 20150814 1200  83.00 1 5
 20150815 1200  85.50 1 5
 20150816 1200  83.80 1 5
 20150817 1200  80.10 1 5
 20150818 1200  79.00 1 5
 20150819 1200  76.10 1 5
 20150820 1200  79.20 1 5
 20150821 1200  80.80 1 5
 20150822 1200  79.70 1 5
 20150823 1200  78.00 1 5
 20150824 1200  77.30 1 5
 20150825 1200  79.30 1 5
 20150826 1200  79.80 1 5
 20150827 1200  83.40 1 5
 20150828 1200  87.40 1 5
 20150829 1200  76.60 1 5
 20150830 1200  83.20 1 5
 20150831 1200  81.20 1 5
 20150901 1200  80.90 1 5
 20150902 1200  81.60 1 5
 20150903 1200  84.60 1 5
 20150904 1200  78.70 1 5
 20150905 1200  80.50 1 5
 20150906 1200  79.20 1 5
 20150907 1200  81.10 1 5
 20150908 1200  80.20 1 5
 20150909 1200  81.60 1 5
 20150910 1200  81.10 1 5
 20150911 1200  80.70 1 5
 20150912 1200  83.20 1 5
 20150913 1200  82.40 1 5
 20150914 1200  80.20 1 5
 20150915 1200  78.90 1 5
 20150916 1200  79.50 1 5
 20150917 1200  77.70 1 5
 20150918 1200  78.80 1 5
 20150919 1200  77.50 1 5
 20150920 1200  76.60 1 5
 20150921 1200  77.40 1 5
 20150922 1200  81.60 1 5
 20150923 1200  79.80 1 5
 20150924 1200  81.00 1 5
 20150925 1200  84.20 1 5
 20150926 1200  82.90 1 5
 20150927 1200  77.50 1 5
 20150928 1200  81.50 1 5
 20150929 1200  79.50 1 5
 20150930 1200  80.60 1 5
 20151001 1200  79.00 1 5
 20151002 1200  76.60 1 5
 20151003 1200  75.90 1 5
 20151004 1200  81.80 1 5
 20151005 1200  83.10 1 5
 20151006 1200  80.90 1 5
 20151007 1200  78.70 1 5
 20151008 1200  80.40 1 5
 20151009 1200  78.80 1 5
 20151010 1200  79.00 1 5
 20151011 1200  75.20 1 5
 20151012 1200  74.40 1 5
 20151013 1200  75.20 1 5
 20151014 1200  82.30 1 5
 20151015 1200  82.30 1 5
 20151016 1200  74.20 1 5
 20151017 1200  73.10 1 5
 20151018 1200  75.00 1 5
 20151019 1200  76.00 1 5
 20151020 1200  85.70 1 5
 20151021 1200  83.50 1 5
 20151022 1200  82.70 1 5
 20151023 1200  86.90 1 5
 20151024 1200  83.20 1 5
 20151025 1200  86.10 1 5
 20151026 1200  84.20 1 5
 20151027 1200  86.10 1 5
 20151028 1200  84.10 1 5
 20151029 1200  79.50 1 5
 20151030 1200  79.20 1 5
 20151031 1200  77.20 1 5
 20151101 1200  77.30 1 5
 20151102 1200  80.20 1 5
 20151103 1200  82.00 1 5
 20151104 1200  83.90 1 5
 20151105 1200  81.90 1 5
 20151106 1200  87.40 1 5
 20151107 1200  83.20 1 5
 20151108 1200  80.10 1 5
 20151109 1200  79.40 1 5
 20151110 1200  82.70 1 5
 20151111 1200  82.70 1 5
 20151112 1200  85.80 1 5
 20151113 1200  83.80 1 5
 20151114 1200  84.50 1 5
 20151115 1200  83.50 1 5
 20151116 1200  84.40 1 5
 20151117 1200  79.60 1 5
 20151118 1200  79.80 1 5
 20151119 1200  80.60 1 5
 20151120 1200  85.70 1 5
 20151121 1200  79.30 1 5
 20151122 1200  80.60 1 5
 20151123 1200  81.10 1 5
 20151124 1200  82.40 1 5
 20151125 1200  82.40 1 5
 20151126 1200  84.00 1 5
 20151127 1200  82.50 1 5
 20151128 1200  82.10 1 5
 20151129 1200  85.10 1 5
 20151130 1200  82.80 1 5
 Time: 1200  9 Mar 2016 to 1200  7 May 2016 (index  3402 to  3461,   60 times)
 Depth (M):        -3 QUALITY SOURCE
 YYYYMMDD HHMM     RH Q S
 20160309 1200  86.00 2 5
 20160310 1200  80.30 2 5
 20160311 1200  78.20 2 5
 20160312 1200  76.60 2 5
 20160313 1200  78.90 2 5
 20160314 1200  79.30 2 5
 20160315 1200  81.00 2 5
 20160316 1200  78.90 2 5
 20160317 1200  79.70 2 5
 20160318 1200  76.90 2 5
 20160319 1200  75.60 2 5
 20160320 1200  76.40 2 5
 20160321 1200  75.00 2 5
 20160322 1200  75.00 2 5
 20160323 1200  78.50 2 5
 20160324 1200  74.30 2 5
 20160325 1200  75.90 2 5
 20160326 1200  83.00 2 5
 20160327 1200  76.90 2 5
 20160328 1200  80.80 2 5
 20160329 1200  78.60 2 5
 20160330 1200  79.30 2 5
 20160331 1200  76.10 2 5
 20160401 1200  74.20 2 5
 20160402 1200  77.70 2 5
 20160403 1200  76.90 2 5
 20160404 1200  80.80 2 5
 20160405 1200  74.60 2 5
 20160406 1200  81.90 2 5
 20160407 1200  78.20 2 5
 20160408 1200  73.90 2 5
 20160409 1200  81.80 2 5
 20160410 1200  79.20 2 5
 20160411 1200  81.00 2 5
 20160412 1200  79.00 2 5
 20160413 1200  76.60 2 5
 20160414 1200  75.70 2 5
 20160415 1200  75.90 2 5
 20160416 1200  77.70 2 5
 20160417 1200  79.40 2 5
 20160418 1200  76.80 2 5
 20160419 1200  77.90 2 5
 20160420 1200  79.50 2 5
 20160421 1200  76.90 2 5
 20160422 1200  78.10 2 5
 20160423 1200  80.20 2 5
 20160424 1200  79.40 2 5
 20160425 1200  76.80 2 5
 20160426 1200  76.20 2 5
 20160427 1200  73.80 2 5
 20160428 1200  72.30 2 5
 20160429 1200  77.50 2 5
 20160430 1200  75.50 2 5
 20160501 1200  75.00 2 5
 20160502 1200  79.30 2 5
 20160503 1200  77.80 2 5
 20160504 1200  77.50 2 5
 20160505 1200  80.50 2 5
 20160506 1200  79.20 2 5
 20160507 1200  75.40 2 5
 Time: 1200  5 Mar 2017 to 1200  8 Mar 2017 (index  3763 to  3766,    4 times)
 Depth (M):        -3 QUALITY SOURCE
 YYYYMMDD HHMM     RH Q S
 20170305 1200  81.20 2 1
 20170306 1200  79.10 2 1
 20170307 1200  81.60 2 1
 20170308 1200  78.70 2 1
 Time: 1200  4 Jun 2018 to 1200 31 Jul 2018 (index  4219 to  4276,   58 times)
 Depth (M):        -3 QUALITY SOURCE
 YYYYMMDD HHMM     RH Q S
 20180604 1200  76.90 2 1
 20180605 1200  77.30 2 1
 20180606 1200  76.10 2 1
 20180607 1200  73.80 2 1
 20180608 1200  76.50 2 1
 20180609 1200  78.40 2 1
 20180610 1200  78.80 2 1
 20180611 1200  78.40 2 1
 20180612 1200  78.80 2 1
 20180613 1200  79.60 2 1
 20180614 1200  80.00 2 1
 20180615 1200  79.20 2 1
 20180616 1200  78.40 2 1
 20180617 1200  78.10 2 1
 20180618 1200  78.40 2 1
 20180619 1200  80.30 2 1
 20180620 1200  81.10 2 1
 20180621 1200  78.80 2 1
 20180622 1200  78.10 2 1
 20180623 1200  79.20 2 1
 20180624 1200  76.10 2 1
 20180625 1200  77.30 2 1
 20180626 1200  77.70 2 1
 20180627 1200  78.40 2 1
 20180628 1200  81.10 2 1
 20180629 1200  80.70 2 1
 20180630 1200  78.10 2 1
 20180701 1200  80.30 2 1
 20180702 1200  77.30 2 1
 20180703 1200  78.10 2 1
 20180704 1200  77.30 2 1
 20180705 1200  79.20 2 1
 20180706 1200  80.00 2 1
 20180707 1200  78.80 2 1
 20180708 1200  79.20 2 1
 20180709 1200  80.00 2 1
 20180710 1200  78.80 2 1
 20180711 1200  78.80 2 1
 20180712 1200  78.80 2 1
 20180713 1200  80.00 2 1
 20180714 1200  80.00 2 1
 20180715 1200  81.10 2 1
 20180716 1200  81.50 2 1
 20180717 1200  81.50 2 1
 20180718 1200  81.10 2 1
 20180719 1200  80.00 2 1
 20180720 1200  80.00 2 1
 20180721 1200  81.50 2 1
 20180722 1200  79.60 2 1
 20180723 1200  79.20 2 1
 20180724 1200  80.30 2 1
 20180725 1200  81.50 2 1
 20180726 1200  86.50 2 1
 20180727 1200  83.00 2 1
 20180728 1200  82.30 2 1
 20180729 1200  82.60 2 1
 20180730 1200  79.60 2 1
 20180731 1200  78.40 2 1
